0.700000	0.000670	-0.044601
0.710000	0.000670	-0.044623
0.720000	0.000647	-0.044633
0.730000	0.000121	-0.045039
0.740000	0.000482	-0.044981
0.750000	0.000484	-0.044759
0.760000	0.000753	-0.044870
0.770000	0.000604	-0.045295
0.780000	0.000702	-0.044385
0.790000	0.000854	-0.044554
0.800000	0.000908	-0.044569
0.810000	0.000714	-0.044412
0.820000	0.000918	-0.044765
0.830000	0.000763	-0.044495
0.840000	0.000669	-0.044316
0.850000	0.000752	-0.044483
0.860000	0.000515	-0.043979
0.870000	0.000433	-0.044312
0.880000	0.000555	-0.045021
0.890000	0.000871	-0.044430
0.900000	0.000640	-0.044666
0.910000	0.000519	-0.044949
0.920000	0.000314	-0.045052
0.930000	0.000659	-0.045172
0.940000	0.000289	-0.045518
0.950000	0.000466	-0.045370
0.960000	0.000431	-0.045280
0.970000	0.000406	-0.045439
0.980000	0.000361	-0.045427
0.990000	0.000071	-0.045556
1.000000	0.000298	-0.046168
1.010000	0.000329	-0.046059
1.020000	0.000300	-0.045753
1.030000	0.000442	-0.045802
1.040000	0.000341	-0.046048
1.050000	0.000622	-0.046456
1.060000	0.000609	-0.046417
1.070000	0.000292	-0.046166
1.080000	0.000473	-0.046655
1.090000	0.000536	-0.045960
1.100000	0.000457	-0.046196
1.110000	0.000304	-0.046196
1.120000	0.000408	-0.046324
1.130000	0.000379	-0.046278
1.140000	0.000326	-0.046409
1.150000	0.000074	-0.046988
1.160000	0.000276	-0.046666
1.170000	-0.000018	-0.046900
1.180000	0.000085	-0.047170
1.190000	-0.000019	-0.046882
1.200000	-0.000156	-0.047039
1.210000	0.000072	-0.046828
1.220000	-0.000121	-0.047153
1.230000	0.000171	-0.047420
1.240000	-0.000110	-0.047153
1.250000	0.000018	-0.046840
1.260000	0.000286	-0.047222
1.270000	0.000005	-0.046996
1.280000	0.000055	-0.047280
1.290000	-0.000133	-0.047113
1.300000	0.000158	-0.047617
1.310000	0.000343	-0.047470
1.320000	0.000111	-0.047705
1.330000	0.000181	-0.047849
1.340000	0.000008	-0.047870
1.350000	0.000122	-0.047650
1.360000	-0.000154	-0.048095
1.370000	0.000296	-0.048139
1.380000	-0.000121	-0.048150
1.390000	0.000089	-0.048222
1.400000	-0.000155	-0.048012
1.410000	-0.000053	-0.048036
1.420000	0.000007	-0.048350
1.430000	0.000124	-0.048328
1.440000	0.000112	-0.048285
1.450000	0.000204	-0.048149
1.460000	-0.000087	-0.047682
1.470000	-0.000062	-0.048225
1.480000	0.000237	-0.047843
1.490000	0.000032	-0.048350
1.500000	0.000185	-0.048337
1.510000	0.000263	-0.048287
1.520000	0.000204	-0.048160
1.530000	0.000187	-0.048677
1.540000	0.000248	-0.048518
1.550000	0.000057	-0.048922
1.560000	0.000263	-0.048731
1.570000	0.000391	-0.048603
1.580000	0.000611	-0.048847
1.590000	0.000073	-0.048404
1.600000	0.000457	-0.048561
1.610000	0.000332	-0.048795
1.620000	0.000344	-0.048827
1.630000	0.000421	-0.048258
1.640000	0.000029	-0.048248
1.650000	0.000544	-0.048436
1.660000	0.000630	-0.048332
1.670000	0.000590	-0.047547
1.680000	0.000123	-0.048005
1.690000	0.000630	-0.048057
1.700000	0.000654	-0.048375
1.710000	0.000629	-0.048268
1.720000	0.000376	-0.048511
1.730000	0.000450	-0.048510
1.740000	0.000565	-0.048859
1.750000	0.000677	-0.048606
1.760000	0.000576	-0.048849
1.770000	0.000681	-0.048743
1.780000	0.000509	-0.048605
1.790000	0.000563	-0.048553
1.800000	0.000280	-0.048785
1.810000	0.000426	-0.048732
1.820000	0.000697	-0.048382
1.830000	0.000167	-0.047900
1.840000	0.000670	-0.048786
1.850000	0.000334	-0.048382
1.860000	0.000452	-0.047651
1.870000	0.000325	-0.048208
1.880000	0.000602	-0.047808
1.890000	0.000134	-0.048184
1.900000	0.000350	-0.047545
1.910000	0.000395	-0.047544
1.920000	0.000211	-0.047841
1.930000	0.000412	-0.048066
1.940000	0.000423	-0.048055
1.950000	0.000436	-0.047895
1.960000	0.000282	-0.047529
1.970000	0.000166	-0.047593
1.980000	0.000077	-0.047979
1.990000	0.000213	-0.047665
2.000000	-0.000063	-0.047644
2.010000	-0.000004	-0.047658
2.020000	-0.000097	-0.047817
2.030000	0.000021	-0.048018
2.040000	0.000018	-0.047915
2.050000	-0.000108	-0.047861
2.060000	0.000068	-0.047951
2.070000	-0.000121	-0.047398
2.080000	-0.000179	-0.047722
2.090000	-0.000236	-0.047672
2.100000	-0.000248	-0.047270
2.110000	-0.000154	-0.047683
2.120000	-0.000374	-0.047672
2.130000	-0.000293	-0.047827
2.140000	-0.000408	-0.048016
2.150000	-0.000040	-0.047666
2.160000	-0.000041	-0.047615
2.170000	-0.000155	-0.047834
2.180000	-0.000178	-0.047793
2.190000	-0.000233	-0.048390
2.200000	-0.000178	-0.047772
2.210000	-0.000351	-0.047129
2.220000	-0.000257	-0.048520
2.230000	-0.000501	-0.047696
2.240000	0.000019	-0.047934
2.250000	-0.000040	-0.047644
2.260000	-0.000202	-0.047935
2.270000	-0.000107	-0.048104
2.280000	-0.000478	-0.047725
2.290000	-0.000457	-0.047461
2.300000	-0.000329	-0.047838
2.310000	-0.000478	-0.047696
2.320000	-0.000421	-0.048410
2.330000	-0.000467	-0.047778
2.340000	-0.000318	-0.047797
2.350000	-0.000341	-0.047427
2.360000	-0.000201	-0.048019
2.370000	-0.000283	-0.047310
2.380000	-0.000351	-0.047683
2.390000	-0.000616	-0.047590
2.400000	-0.000513	-0.047495
2.410000	-0.000698	-0.047851
2.420000	-0.000594	-0.047630
2.430000	-0.000489	-0.047421
2.440000	-0.000604	-0.047527
2.450000	-0.000582	-0.047691
2.460000	-0.000687	-0.048189
2.470000	-0.000500	-0.047835
2.480000	-0.000477	-0.047905
2.490000	-0.000456	-0.047724
2.500000	-0.000318	-0.047936
2.510000	-0.000548	-0.047944
2.520000	-0.000538	-0.047977
2.530000	-0.000421	-0.048292
2.540000	-0.000676	-0.047489
2.550000	-0.000539	-0.047373
2.560000	-0.000317	-0.047805
2.570000	-0.000165	-0.048217
2.580000	-0.000435	-0.047248
2.590000	-0.000294	-0.047581
2.600000	-0.000666	-0.047105
2.610000	-0.000469	-0.047064
2.620000	-0.000469	-0.046994
2.630000	-0.000721	-0.046760
2.640000	-0.000689	-0.047115
2.650000	-0.000512	-0.046963
2.660000	-0.000469	-0.046892
2.670000	-0.000469	-0.046892
2.680000	-0.000562	-0.046895
2.690000	-0.000446	-0.046559
2.700000	-0.000836	-0.046704
2.710000	-0.000711	-0.046292
2.720000	-0.000457	-0.046718
2.730000	-0.000640	-0.046313
2.740000	-0.000596	-0.046847
2.750000	-0.000365	-0.046785
2.760000	-0.000330	-0.046947
2.770000	-0.000457	-0.047126
2.780000	-0.000215	-0.046789
2.790000	-0.000192	-0.047126
2.800000	-0.000365	-0.046620
2.810000	-0.000123	-0.046530
2.820000	-0.000216	-0.046441
2.830000	-0.000158	-0.046646
2.840000	-0.000100	-0.046589
2.850000	-0.000098	-0.047232
2.860000	0.000136	-0.047347
2.870000	-0.000123	-0.046744
2.880000	0.000111	-0.047225
2.890000	-0.000053	-0.046607
2.900000	0.000268	-0.046594
2.910000	0.000226	-0.047056
2.920000	-0.000387	-0.046735
2.930000	0.000267	-0.046577
2.940000	0.000383	-0.046805
2.950000	0.000380	-0.046382
2.960000	0.000266	-0.046559
2.970000	-0.000030	-0.046659
2.980000	0.000419	-0.046335
2.990000	0.000289	-0.046027
3.000000	0.000338	-0.046471
3.010000	0.000459	-0.047096
3.020000	0.000678	-0.047056
3.030000	0.000647	-0.046732
3.040000	0.000793	-0.046899
3.050000	0.000693	-0.046869
3.060000	0.000804	-0.046888
3.070000	0.000560	-0.046571
3.080000	0.000967	-0.046281
3.090000	0.000911	-0.046535
3.100000	0.000682	-0.046603
3.110000	0.000760	-0.046291
3.120000	0.000794	-0.046962
3.130000	0.000474	-0.045998
3.140000	0.000742	-0.046453
3.150000	0.001201	-0.046118
3.160000	0.000933	-0.046295
3.170000	0.000842	-0.046173
3.180000	0.000871	-0.046140
3.190000	0.001253	-0.046277
3.200000	0.001047	-0.046379
3.210000	0.000909	-0.046528
3.220000	0.001084	-0.046458
3.230000	0.001148	-0.046173
3.240000	0.001092	-0.046135
3.250000	0.001310	-0.046804
3.260000	0.001571	-0.046907
3.270000	0.001376	-0.046282
3.280000	0.001402	-0.046892
3.290000	0.001590	-0.046446
3.300000	0.001223	-0.046096
3.310000	0.001522	-0.046567
3.320000	0.001476	-0.046614
3.330000	0.001394	-0.046397
3.340000	0.001488	-0.046091
3.350000	0.001392	-0.046116
3.360000	0.001267	-0.046091
3.370000	0.001749	-0.045657
3.380000	0.001299	-0.045071
3.390000	0.001101	-0.045272
3.400000	0.001361	-0.045112
3.410000	0.001268	-0.044993
3.420000	0.001268	-0.044982
3.430000	0.001266	-0.044599
3.440000	0.001296	-0.044709
3.450000	0.001122	-0.044947
3.460000	0.001308	-0.044475
3.470000	0.000887	-0.044575
3.480000	0.001122	-0.044947
3.490000	0.001213	-0.044792
3.500000	0.001193	-0.044740
3.510000	0.001132	-0.044673
3.520000	0.001283	-0.044792
3.530000	0.001316	-0.045297
3.540000	0.001187	-0.044885
3.550000	0.001186	-0.045127
3.560000	0.001019	-0.044603
3.570000	0.001006	-0.044564
3.580000	0.001050	-0.044228
3.590000	0.001205	-0.044104
3.600000	0.001511	-0.044728
3.610000	0.001076	-0.044314
3.620000	0.001015	-0.044208
3.630000	0.001093	-0.044286
3.640000	0.000838	-0.043904
3.650000	0.000984	-0.044553
3.660000	0.001195	-0.043835
3.670000	0.000977	-0.044141
3.680000	0.001094	-0.044028
3.690000	0.001110	-0.044398
3.700000	0.001078	-0.044212
3.710000	0.001322	-0.044013
3.720000	0.001006	-0.044553
3.730000	0.000994	-0.044536
3.740000	0.000890	-0.044387
3.750000	0.000876	-0.044871
3.760000	0.001032	-0.044905
3.770000	0.001203	-0.044968
3.780000	0.000810	-0.045082
3.790000	0.001187	-0.044852
3.800000	0.001033	-0.044873
3.810000	0.001401	-0.045206
3.820000	0.001344	-0.044838
3.830000	0.001012	-0.044103
3.840000	0.001020	-0.044866
3.850000	0.001279	-0.044386
3.860000	0.001114	-0.043674
3.870000	0.001305	-0.044197
3.880000	0.001103	-0.043695
3.890000	0.001210	-0.043920
3.900000	0.001081	-0.043706
3.910000	0.001160	-0.043551
3.920000	0.001229	-0.043770
3.930000	0.001324	-0.043743
3.940000	0.001002	-0.043866
3.950000	0.001095	-0.043769
3.960000	0.001103	-0.043695
3.970000	0.001112	-0.043922
3.980000	0.001129	-0.043790
3.990000	0.000898	-0.043769
4.000000	0.001081	-0.043727
4.010000	0.001102	-0.043444
4.020000	0.000824	-0.043590
4.030000	0.000956	-0.043843
4.040000	0.001070	-0.043616
4.050000	0.001404	-0.044007
4.060000	0.000991	-0.044136
4.070000	0.001140	-0.043790
4.080000	0.001062	-0.044299
4.090000	0.001201	-0.044419
4.100000	0.001345	-0.044034
4.110000	0.001143	-0.044684
4.120000	0.001145	-0.044447
4.130000	0.000958	-0.044543
4.140000	0.001209	-0.044222
4.150000	0.001105	-0.044368
4.160000	0.001111	-0.044765
4.170000	0.001091	-0.044555
4.180000	0.001156	-0.044325
4.190000	0.001108	-0.044700
4.200000	0.001321	-0.044544
4.210000	0.001223	-0.044796
4.220000	0.001207	-0.044690
4.230000	0.000961	-0.044850
4.240000	0.001330	-0.045244
4.250000	0.001109	-0.045205
4.260000	0.001262	-0.045144
4.270000	0.001412	-0.045250
4.280000	0.001161	-0.045030
4.290000	0.001095	-0.045135
4.300000	0.001291	-0.045525
4.310000	0.001399	-0.045262
4.320000	0.001415	-0.046132
4.330000	0.001250	-0.045379
4.340000	0.001199	-0.045693
4.350000	0.001399	-0.045477
4.360000	0.001539	-0.045625
4.370000	0.001415	-0.045875
4.380000	0.001322	-0.045060
4.390000	0.001126	-0.045596
4.400000	0.001169	-0.045802
4.410000	0.001252	-0.045429
4.420000	0.001210	-0.045253
4.430000	0.001210	-0.045253
4.440000	0.001103	-0.045851
4.450000	0.001336	-0.045666
4.460000	0.001149	-0.045465
4.470000	0.001209	-0.045783
4.480000	0.001267	-0.046091
4.490000	0.001033	-0.045725
4.500000	0.001096	-0.045441
4.510000	0.001269	-0.045866
4.520000	0.001485	-0.045778
4.530000	0.001418	-0.046225
4.540000	0.001194	-0.045897
4.550000	0.001371	-0.045956
4.560000	0.001398	-0.046024
4.570000	0.000990	-0.046028
4.580000	0.001558	-0.046330
4.590000	0.001375	-0.046303
4.600000	0.001321	-0.046804
4.610000	0.001192	-0.047168
4.620000	0.001417	-0.046475
4.630000	0.001186	-0.047047
4.640000	0.001297	-0.047329
4.650000	0.001573	-0.046897
4.660000	0.001450	-0.046830
4.670000	0.001107	-0.046774
4.680000	0.001310	-0.046717
4.690000	0.001351	-0.047387
4.700000	0.001046	-0.046656
4.710000	0.001395	-0.046914
4.720000	0.001425	-0.047086
4.730000	0.001506	-0.047320
4.740000	0.001406	-0.046903
4.750000	0.001525	-0.047129
4.760000	0.001439	-0.046871
4.770000	0.001586	-0.047212
4.780000	0.001449	-0.047082
4.790000	0.001712	-0.047307
4.800000	0.001397	-0.047609
4.810000	0.001517	-0.047287
4.820000	0.001528	-0.047298
4.830000	0.001828	-0.046927
4.840000	0.001491	-0.047502
4.850000	0.001183	-0.047519
4.860000	0.001491	-0.047563
4.870000	0.001414	-0.047766
4.880000	0.001513	-0.047524
4.890000	0.001393	-0.047169
4.900000	0.001668	-0.047372
4.910000	0.001660	-0.047262
4.920000	0.001726	-0.047885
4.930000	0.001467	-0.047791
4.940000	0.001426	-0.047147
4.950000	0.001428	-0.047681
4.960000	0.001289	-0.048029
4.970000	0.001433	-0.048321
4.980000	0.001520	-0.048345
4.990000	0.001555	-0.048376
5.000000	0.001679	-0.048691
5.010000	0.001505	-0.048902
5.020000	0.001484	-0.048734
5.030000	0.001778	-0.049320
5.040000	0.001859	-0.049448
5.050000	0.001496	-0.049243
5.060000	0.001755	-0.049331
5.070000	0.001386	-0.048977
5.080000	0.001792	-0.049581
5.090000	0.001746	-0.049141
5.100000	0.001491	-0.049191
5.110000	0.001610	-0.048820
5.120000	0.001337	-0.048935
5.130000	0.001361	-0.049253
5.140000	0.001182	-0.048912
5.150000	0.001507	-0.048597
5.160000	0.001352	-0.048977
5.170000	0.001552	-0.048807
5.180000	0.001405	-0.048439
5.190000	0.001150	-0.048365
5.200000	0.001179	-0.048564
5.210000	0.001433	-0.048607
5.220000	0.001113	-0.048543
5.230000	0.001006	-0.048322
5.240000	0.001250	-0.048659
5.250000	0.001117	-0.048912
5.260000	0.001201	-0.048575
5.270000	0.001297	-0.048691
5.280000	0.001267	-0.048796
5.290000	0.001173	-0.048901
5.300000	0.001237	-0.048901
5.310000	0.001188	-0.048988
5.320000	0.001481	-0.049587
5.330000	0.001369	-0.049133
5.340000	0.001288	-0.049019
5.350000	0.001287	-0.048977
5.360000	0.001298	-0.048988
5.370000	0.001310	-0.049043
5.380000	0.001164	-0.049230
5.390000	0.001350	-0.049650
5.400000	0.001088	-0.049290
5.410000	0.001101	-0.049048
5.420000	0.001240	-0.049218
5.430000	0.001483	-0.049272
5.440000	0.001204	-0.049174
5.450000	0.000934	-0.048731
5.460000	0.001065	-0.049259
5.470000	0.000935	-0.048731
5.480000	0.001112	-0.049059
5.490000	0.001343	-0.049069
5.500000	0.001088	-0.049311
5.510000	0.001244	-0.049610
5.520000	0.001153	-0.049230
5.530000	0.000870	-0.049562
5.540000	0.001227	-0.049931
5.550000	0.001215	-0.049327
5.560000	0.001381	-0.049408
5.570000	0.001375	-0.049262
5.580000	0.001530	-0.049210
5.590000	0.001400	-0.049306
5.600000	0.001388	-0.049306
5.610000	0.001398	-0.049021
5.620000	0.001344	-0.049102
5.630000	0.001529	-0.048957
5.640000	0.001351	-0.048701
5.650000	0.001377	-0.047822
5.660000	0.001624	-0.047999
5.670000	0.001614	-0.048064
5.680000	0.001615	-0.047888
5.690000	0.001770	-0.047811
5.700000	0.001394	-0.047818
5.710000	0.001561	-0.047701
5.720000	0.001572	-0.047679
5.730000	0.001601	-0.047835
5.740000	0.001811	-0.047660
5.750000	0.001793	-0.047467
5.760000	0.001524	-0.047161
5.770000	0.001815	-0.047183
5.780000	0.001679	-0.047665
5.790000	0.001608	-0.047705
5.800000	0.001756	-0.047191
5.810000	0.001734	-0.047801
5.820000	0.001790	-0.047152
5.830000	0.001808	-0.047270
5.840000	0.001903	-0.047017
5.850000	0.001646	-0.047523
5.860000	0.001842	-0.047470
5.870000	0.001645	-0.047213
5.880000	0.001397	-0.047110
5.890000	0.001634	-0.047213
5.900000	0.001534	-0.046563
5.910000	0.001833	-0.046764
5.920000	0.001691	-0.046556
5.930000	0.001688	-0.046506
5.940000	0.001536	-0.046318
5.950000	0.001420	-0.046172
5.960000	0.001226	-0.045955
5.970000	0.001328	-0.046043
5.980000	0.001237	-0.045680
5.990000	0.001342	-0.045827
6.000000	0.001508	-0.046085
6.010000	0.001260	-0.045691
6.020000	0.001327	-0.046043
6.030000	0.001519	-0.046074
6.040000	0.001313	-0.046102
6.050000	0.001166	-0.046353
6.060000	0.001425	-0.046433
6.070000	0.001580	-0.046087
6.080000	0.001263	-0.045812
6.090000	0.001295	-0.046533
6.100000	0.001507	-0.046297
6.110000	0.001518	-0.046286
6.120000	0.001534	-0.046433
6.130000	0.001649	-0.046495
6.140000	0.001636	-0.046721
6.150000	0.001467	-0.046475
6.160000	0.001430	-0.046417
6.170000	0.001615	-0.046743
6.180000	0.001818	-0.046412
6.190000	0.001472	-0.046707
6.200000	0.001599	-0.046372
6.210000	0.001571	-0.046570
6.220000	0.001803	-0.047388
6.230000	0.001908	-0.046824
6.240000	0.001627	-0.046702
6.250000	0.002061	-0.046909
6.260000	0.002131	-0.046842
6.270000	0.002231	-0.046931
6.280000	0.002196	-0.046942
6.290000	0.002279	-0.046939
6.300000	0.001992	-0.047208
6.310000	0.002171	-0.047199
6.320000	0.002085	-0.047439
6.330000	0.001982	-0.047586
6.340000	0.002007	-0.047102
6.350000	0.001782	-0.047192
6.360000	0.001603	-0.047612
6.370000	0.001887	-0.047625
6.380000	0.001737	-0.047852
6.390000	0.001860	-0.047654
6.400000	0.001766	-0.047702
6.410000	0.001914	-0.047973
6.420000	0.001889	-0.048009
6.430000	0.001495	-0.047778
6.440000	0.001765	-0.048166
6.450000	0.001765	-0.048177
6.460000	0.001479	-0.048331
6.470000	0.001706	-0.048236
6.480000	0.001560	-0.048501
6.490000	0.001233	-0.048543
6.500000	0.001448	-0.048428
6.510000	0.001277	-0.047746
6.520000	0.001555	-0.048113
6.530000	0.001550	-0.048596
6.540000	0.001519	-0.048691
6.550000	0.001385	-0.048659
6.560000	0.001384	-0.049199
6.570000	0.001185	-0.049423
6.580000	0.001467	-0.049811
6.590000	0.001404	-0.049659
6.600000	0.001534	-0.049298
6.610000	0.001447	-0.049207
6.620000	0.001040	-0.049421
6.630000	0.001127	-0.049146
6.640000	0.001435	-0.049600
6.650000	0.001042	-0.049487
6.660000	0.001204	-0.049481
6.670000	0.000936	-0.048751
6.680000	0.001066	-0.049028
6.690000	0.001067	-0.049311
6.700000	0.001296	-0.049017
6.710000	0.001140	-0.049188
6.720000	0.000708	-0.049412
6.730000	0.001038	-0.049081
6.740000	0.000922	-0.049219
6.750000	0.001038	-0.049114
6.760000	0.001023	-0.049325
6.770000	0.001026	-0.049092
6.780000	0.001087	-0.049199
6.790000	0.001036	-0.049072
6.800000	0.001105	-0.049094
6.810000	0.001239	-0.048932
6.820000	0.001063	-0.048913
6.830000	0.000984	-0.048540
6.840000	0.000871	-0.049040
6.850000	0.001024	-0.048500
6.860000	0.001136	-0.048521
6.870000	0.000945	-0.048392
6.880000	0.000990	-0.048721
6.890000	0.001285	-0.048106
6.900000	0.001345	-0.047903
6.910000	0.000703	-0.047648
6.920000	0.001053	-0.048115
6.930000	0.000934	-0.047882
6.940000	0.000637	-0.047593
6.950000	0.000752	-0.047709
6.960000	0.000921	-0.047862
6.970000	0.000923	-0.047915
6.980000	0.000649	-0.047656
6.990000	0.000673	-0.047697
7.000000	0.000841	-0.047239
7.010000	0.000751	-0.046952
7.020000	0.001149	-0.047294
7.030000	0.000624	-0.047039
7.040000	0.001046	-0.047430
7.050000	0.001010	-0.047357
7.060000	0.000788	-0.047285
7.070000	0.001316	-0.047766
7.080000	0.001282	-0.047766
7.090000	0.001175	-0.047820
7.100000	0.000685	-0.047653
7.110000	0.000816	-0.047980
7.120000	0.001154	-0.047629
7.130000	0.001027	-0.048054
7.140000	0.001012	-0.047961
7.150000	0.000896	-0.047791
7.160000	0.001130	-0.047907
7.170000	0.001068	-0.048016
7.180000	0.001002	-0.047748
7.190000	0.001152	-0.047621
7.200000	0.001154	-0.047640
7.210000	0.001132	-0.047949
7.220000	0.000894	-0.047751
7.230000	0.001141	-0.047589
7.240000	0.001207	-0.047920
7.250000	0.000762	-0.047501
7.260000	0.000993	-0.047746
7.270000	0.000998	-0.047591
7.280000	0.001091	-0.047729
7.290000	0.001198	-0.047558
7.300000	0.001178	-0.047352
7.310000	0.001483	-0.046798
7.320000	0.001064	-0.047242
7.330000	0.001115	-0.047643
7.340000	0.000777	-0.047209
7.350000	0.000896	-0.046619
7.360000	0.001125	-0.046890
7.370000	0.000947	-0.047105
7.380000	0.001172	-0.046710
7.390000	0.001266	-0.046284
7.400000	0.001143	-0.046534
7.410000	0.001009	-0.046236
7.420000	0.001114	-0.046118
7.430000	0.001121	-0.045765
7.440000	0.000947	-0.045814
7.450000	0.001051	-0.045696
7.460000	0.000816	-0.045570
7.470000	0.001043	-0.045261
7.480000	0.001214	-0.045098
7.490000	0.000967	-0.044972
7.500000	0.001085	-0.044903
7.510000	0.000982	-0.044835
7.520000	0.001084	-0.044903
7.530000	0.001070	-0.044286
7.540000	0.001042	-0.044570
7.550000	0.001100	-0.044464
7.560000	0.001060	-0.044731
7.570000	0.001043	-0.044631
7.580000	0.000957	-0.044374
7.590000	0.001043	-0.044641
7.600000	0.001017	-0.044555
7.610000	0.001409	-0.044646
7.620000	0.000955	-0.044358
7.630000	0.000784	-0.044263
7.640000	0.001179	-0.044168
7.650000	0.000990	-0.043931
7.660000	0.001162	-0.043758
7.670000	0.001112	-0.043911
7.680000	0.001023	-0.043866
7.690000	0.001126	-0.044223
7.700000	0.000941	-0.044083
7.710000	0.000786	-0.044267
7.720000	0.001093	-0.043753
7.730000	0.000967	-0.043882
7.740000	0.001091	-0.043706
7.750000	0.001138	-0.043040
7.760000	0.000926	-0.043146
7.770000	0.000633	-0.043192
7.780000	0.000515	-0.042980
7.790000	0.000537	-0.042990
7.800000	0.000721	-0.042953
7.810000	0.000677	-0.042394
7.820000	0.000470	-0.042440
7.830000	0.000431	-0.042558
7.840000	0.000391	-0.042698
7.850000	0.000719	-0.042948
7.860000	0.000523	-0.042743
7.870000	0.000160	-0.042733
7.880000	0.000347	-0.042744
7.890000	0.000563	-0.042581
7.900000	0.000290	-0.042952
7.910000	0.000475	-0.043178
7.920000	0.000434	-0.042892
7.930000	0.000517	-0.043058
7.940000	0.000594	-0.043349
7.950000	0.000453	-0.043681
7.960000	0.000926	-0.043910
7.970000	0.000537	-0.043533
7.980000	0.000897	-0.043731
7.990000	0.001019	-0.044018
8.000000	0.000873	-0.043979
8.010000	0.000849	-0.043904
8.020000	0.000542	-0.044160
8.030000	0.000978	-0.043861
8.040000	0.001011	-0.043816
8.050000	0.000967	-0.043799
8.060000	0.000706	-0.043342
8.070000	0.001136	-0.043660
8.080000	0.001029	-0.043733
8.090000	0.000938	-0.043375
8.100000	0.001290	-0.043616
8.110000	0.001100	-0.042827
8.120000	0.001276	-0.043336
8.130000	0.001231	-0.042526
8.140000	0.001063	-0.042955
8.150000	0.001361	-0.043288
8.160000	0.001374	-0.043314
8.170000	0.001138	-0.043458
8.180000	0.000977	-0.043893
8.190000	0.001337	-0.043504
8.200000	0.001156	-0.044137
8.210000	0.001334	-0.044001
8.220000	0.001233	-0.044478
8.230000	0.001369	-0.044510
8.240000	0.001249	-0.044256
8.250000	0.001448	-0.044372
8.260000	0.001326	-0.044871
8.270000	0.001237	-0.045064
8.280000	0.001439	-0.045203
8.290000	0.001156	-0.045328
8.300000	0.001464	-0.045241
8.310000	0.001532	-0.045982
8.320000	0.001542	-0.045950
8.330000	0.001850	-0.045772
8.340000	0.001652	-0.046171
8.350000	0.001942	-0.045890
8.360000	0.001860	-0.046526
8.370000	0.002076	-0.046688
8.380000	0.002113	-0.046646
8.390000	0.002119	-0.046705
8.400000	0.002320	-0.047149
8.410000	0.002229	-0.047296
8.420000	0.002308	-0.046679
8.430000	0.002413	-0.047277
8.440000	0.002211	-0.046735
8.450000	0.002334	-0.046993
8.460000	0.002558	-0.047176
8.470000	0.002368	-0.047258
8.480000	0.002445	-0.047333
8.490000	0.002605	-0.047328
8.500000	0.002281	-0.047630
8.510000	0.002471	-0.047626
8.520000	0.002661	-0.047829
8.530000	0.002216	-0.047563
8.540000	0.002785	-0.047640
8.550000	0.002397	-0.047835
8.560000	0.002312	-0.048119
8.570000	0.002698	-0.047882
8.580000	0.002319	-0.047926
8.590000	0.002583	-0.047797
8.600000	0.002215	-0.047830
8.610000	0.002429	-0.047882
8.620000	0.002546	-0.047345
8.630000	0.002169	-0.047379
8.640000	0.002435	-0.047288
8.650000	0.002375	-0.046932
8.660000	0.002333	-0.046995
8.670000	0.002356	-0.046972
8.680000	0.002116	-0.046293
8.690000	0.002108	-0.046332
8.700000	0.002229	-0.045854
8.710000	0.002289	-0.046346
8.720000	0.002515	-0.045897
8.730000	0.002500	-0.045571
8.740000	0.002293	-0.045324
8.750000	0.002245	-0.045099
8.760000	0.002361	-0.045277
8.770000	0.002259	-0.045159
8.780000	0.002322	-0.045413
8.790000	0.002485	-0.045122
8.800000	0.002394	-0.045277
8.810000	0.002470	-0.045520
8.820000	0.002482	-0.045346
8.830000	0.002559	-0.045864
8.840000	0.002038	-0.045656
8.850000	0.002223	-0.046139
8.860000	0.002317	-0.046415
8.870000	0.002582	-0.046545
8.880000	0.002530	-0.046498
8.890000	0.002261	-0.046540
8.900000	0.002469	-0.046610
8.910000	0.002250	-0.046661
8.920000	0.002647	-0.046359
8.930000	0.002322	-0.046456
8.940000	0.002765	-0.046219
8.950000	0.002632	-0.046308
8.960000	0.002615	-0.046515
8.970000	0.002447	-0.045821
8.980000	0.002717	-0.045912
8.990000	0.003071	-0.045587
9.000000	0.002980	-0.045459
9.010000	0.002829	-0.045334
9.020000	0.002484	-0.044882
9.030000	0.002533	-0.044526
9.040000	0.002761	-0.044558
9.050000	0.002937	-0.044328
9.060000	0.003008	-0.044283
9.070000	0.003030	-0.044029
9.080000	0.002675	-0.043957
9.090000	0.003022	-0.043534
9.100000	0.002946	-0.043484
9.110000	0.002704	-0.043488
9.120000	0.003022	-0.043512
9.130000	0.002930	-0.043382
9.140000	0.002660	-0.043214
9.150000	0.002535	-0.043413
9.160000	0.002832	-0.042951
9.170000	0.002605	-0.043137
9.180000	0.002617	-0.043137
9.190000	0.002734	-0.043304
9.200000	0.002859	-0.043279
9.210000	0.003039	-0.042700
9.220000	0.002859	-0.043246
9.230000	0.002737	-0.043032
9.240000	0.002847	-0.042830
9.250000	0.002949	-0.042949
9.260000	0.002929	-0.042299
9.270000	0.003201	-0.042666
9.280000	0.003065	-0.042282
9.290000	0.002884	-0.042204
9.300000	0.002925	-0.042274
9.310000	0.002845	-0.042261
9.320000	0.002857	-0.042250
9.330000	0.002932	-0.042060
9.340000	0.002917	-0.042253
9.350000	0.002795	-0.042317
9.360000	0.002725	-0.042482
9.370000	0.002581	-0.042397
9.380000	0.002709	-0.042025
9.390000	0.003104	-0.042699
9.400000	0.002831	-0.042522
9.410000	0.002637	-0.042641
9.420000	0.003268	-0.043241
9.430000	0.002760	-0.042359
9.440000	0.002998	-0.043226
9.450000	0.002865	-0.042734
9.460000	0.002546	-0.042688
9.470000	0.002437	-0.042887
9.480000	0.002764	-0.042698
9.490000	0.002528	-0.043039
9.500000	0.002976	-0.042912
9.510000	0.002711	-0.043293
9.520000	0.002969	-0.042793
9.530000	0.002776	-0.043101
9.540000	0.003009	-0.043031
9.550000	0.002580	-0.043375
9.560000	0.002752	-0.043608
9.570000	0.002825	-0.043412
9.580000	0.002521	-0.043619
9.590000	0.002746	-0.043821
9.600000	0.002720	-0.043794
9.610000	0.002935	-0.044395
9.620000	0.002632	-0.043691
9.630000	0.002702	-0.044559
9.640000	0.002890	-0.044446
9.650000	0.002739	-0.044727
9.660000	0.002640	-0.044645
9.670000	0.002832	-0.044741
9.680000	0.002605	-0.044778
9.690000	0.002695	-0.044634
9.700000	0.002736	-0.044711
9.710000	0.002707	-0.044918
9.720000	0.002594	-0.044768
9.730000	0.002594	-0.045318
9.740000	0.002482	-0.045084
9.750000	0.002504	-0.045028
9.760000	0.002573	-0.045202
9.770000	0.002252	-0.045325
9.780000	0.002250	-0.045560
9.790000	0.002432	-0.045805
9.800000	0.002415	-0.045999
9.810000	0.002531	-0.045912
9.820000	0.002352	-0.046597
9.830000	0.002435	-0.046595
9.840000	0.002324	-0.047080
9.850000	0.002696	-0.047672
9.860000	0.002364	-0.046803
9.870000	0.002611	-0.047637
9.880000	0.002338	-0.047562
9.890000	0.002226	-0.047587
9.900000	0.002498	-0.047225
9.910000	0.002477	-0.047592
9.920000	0.002399	-0.047148
9.930000	0.002311	-0.047347
9.940000	0.002660	-0.047327
9.950000	0.002637	-0.047188
9.960000	0.002740	-0.047294
9.970000	0.002722	-0.047070
9.980000	0.002469	-0.046795
9.990000	0.002925	-0.046461
10.000000	0.002709	-0.045951
10.010000	0.002916	-0.045595
10.020000	0.002853	-0.045255
10.030000	0.002821	-0.045301
10.040000	0.002828	-0.045252
10.050000	0.002946	-0.044742
10.060000	0.002800	-0.045475
10.070000	0.003058	-0.045126
10.080000	0.002925	-0.045445
10.090000	0.002942	-0.045243
10.100000	0.002994	-0.045585
10.110000	0.002957	-0.045578
10.120000	0.002807	-0.045852
10.130000	0.002694	-0.045880
10.140000	0.002436	-0.045862
10.150000	0.002542	-0.046020
10.160000	0.002654	-0.046098
10.170000	0.002675	-0.046218
10.180000	0.002174	-0.046272
10.190000	0.002141	-0.046315
10.200000	0.002108	-0.046683
10.210000	0.002246	-0.046545
10.220000	0.002358	-0.047178
10.230000	0.002086	-0.047725
10.240000	0.002202	-0.047666
10.250000	0.002262	-0.047385
10.260000	0.002011	-0.048052
10.270000	0.001898	-0.047945
10.280000	0.002017	-0.048429
10.290000	0.002097	-0.048619
10.300000	0.002100	-0.048649
10.310000	0.002050	-0.049355
10.320000	0.001969	-0.049526
10.330000	0.002019	-0.049809
10.340000	0.002104	-0.050058
10.350000	0.002243	-0.049864
10.360000	0.002204	-0.050074
10.370000	0.002084	-0.050125
10.380000	0.002422	-0.050030
10.390000	0.002038	-0.050416
10.400000	0.002333	-0.050256
10.410000	0.002029	-0.050283
10.420000	0.002447	-0.050075
10.430000	0.002307	-0.049947
10.440000	0.002070	-0.049838
10.450000	0.001919	-0.049494
10.460000	0.002052	-0.049464
10.470000	0.001811	-0.049430
10.480000	0.001790	-0.049565
10.490000	0.001606	-0.049253
10.500000	0.001629	-0.049231
10.510000	0.001690	-0.049471
10.520000	0.001719	-0.049336
10.530000	0.001457	-0.049143
10.540000	0.001386	-0.049252
10.550000	0.001489	-0.049082
10.560000	0.001517	-0.048817
10.570000	0.001497	-0.049282
10.580000	0.001644	-0.049073
10.590000	0.001584	-0.049416
10.600000	0.001053	-0.049199
10.610000	0.001812	-0.049066
10.620000	0.001243	-0.048776
10.630000	0.001662	-0.048659
10.640000	0.001594	-0.048512
10.650000	0.001684	-0.048372
10.660000	0.001717	-0.048258
10.670000	0.001519	-0.048479
10.680000	0.001732	-0.048045
10.690000	0.001216	-0.048386
10.700000	0.001510	-0.048134
10.710000	0.001907	-0.047584
10.720000	0.001601	-0.047835
10.730000	0.001602	-0.048120
10.740000	0.001459	-0.048164
10.750000	0.001633	-0.047713
10.760000	0.001683	-0.047502
10.770000	0.001455	-0.047280
10.780000	0.001688	-0.047298
10.790000	0.001474	-0.047687
10.800000	0.001118	-0.047038
10.810000	0.001539	-0.048128
10.820000	0.001556	-0.047956
10.830000	0.001523	-0.047758
10.840000	0.001556	-0.047956
10.850000	0.001462	-0.047735
10.860000	0.001528	-0.048138
10.870000	0.001500	-0.047769
10.880000	0.001536	-0.047801
10.890000	0.001212	-0.047954
10.900000	0.001312	-0.047679
10.910000	0.001346	-0.047679
10.920000	0.001601	-0.047846
10.930000	0.001395	-0.047865
10.940000	0.001232	-0.048103
10.950000	0.001228	-0.047846
10.960000	0.001534	-0.047361
10.970000	0.001183	-0.047567
10.980000	0.001228	-0.047835
10.990000	0.001318	-0.047401
11.000000	0.001538	-0.047463
11.010000	0.001252	-0.047888
11.020000	0.001233	-0.047427
11.030000	0.001341	-0.047415
11.040000	0.001691	-0.047452
11.050000	0.001595	-0.047641
11.060000	0.001661	-0.047535
11.070000	0.001464	-0.047502
11.080000	0.001653	-0.047694
11.090000	0.001692	-0.047127
11.100000	0.001751	-0.047086
11.110000	0.001808	-0.046714
11.120000	0.002044	-0.046657
11.130000	0.002035	-0.046411
11.140000	0.001940	-0.046412
11.150000	0.001816	-0.046421
11.160000	0.001876	-0.046086
11.170000	0.001696	-0.045895
11.180000	0.001812	-0.046302
11.190000	0.001639	-0.046260
11.200000	0.001680	-0.046070
11.210000	0.001540	-0.045916
11.220000	0.001556	-0.046246
11.230000	0.001841	-0.046703
11.240000	0.001399	-0.046575
11.250000	0.001612	-0.046181
11.260000	0.001586	-0.046662
11.270000	0.001933	-0.046545
11.280000	0.001783	-0.046208
11.290000	0.002033	-0.046623
11.300000	0.001525	-0.046340
11.310000	0.001773	-0.046492
11.320000	0.001830	-0.046692
11.330000	0.002101	-0.046773
11.340000	0.001844	-0.046753
11.350000	0.001867	-0.046743
11.360000	0.001927	-0.046709
11.370000	0.002023	-0.046867
11.380000	0.001930	-0.046495
11.390000	0.002234	-0.046184
11.400000	0.002344	-0.046382
11.410000	0.002323	-0.045943
11.420000	0.002315	-0.046280
11.430000	0.002083	-0.046407
11.440000	0.002224	-0.046022
11.450000	0.002228	-0.045886
11.460000	0.002126	-0.045747
11.470000	0.002072	-0.046385
11.480000	0.002231	-0.045652
11.490000	0.002151	-0.045502
11.500000	0.002163	-0.045985
11.510000	0.002654	-0.046087
11.520000	0.002340	-0.045174
11.530000	0.002245	-0.045427
11.540000	0.002628	-0.045773
11.550000	0.002358	-0.045272
11.560000	0.002522	-0.045582
11.570000	0.002258	-0.045159
11.580000	0.002587	-0.045828
11.590000	0.002451	-0.045571
11.600000	0.002866	-0.045395
11.610000	0.002562	-0.046054
11.620000	0.002698	-0.045600
11.630000	0.002672	-0.045560
11.640000	0.002654	-0.045768
11.650000	0.002779	-0.045600
11.660000	0.002709	-0.045771
11.670000	0.002716	-0.045736
11.680000	0.002746	-0.045790
11.690000	0.002565	-0.045839
11.700000	0.002628	-0.045751
11.710000	0.002482	-0.046097
11.720000	0.002913	-0.046009
11.730000	0.002279	-0.045664
11.740000	0.002761	-0.045937
11.750000	0.002837	-0.045888
11.760000	0.002563	-0.045758
11.770000	0.002736	-0.046329
11.780000	0.002528	-0.045898
11.790000	0.002398	-0.046576
11.800000	0.002848	-0.045877
11.810000	0.002497	-0.046379
11.820000	0.002875	-0.046331
11.830000	0.002798	-0.046529
11.840000	0.002924	-0.046778
11.850000	0.002902	-0.046658
11.860000	0.002609	-0.046296
11.870000	0.002785	-0.046774
11.880000	0.002667	-0.046860
11.890000	0.002766	-0.046980
11.900000	0.002913	-0.046922
11.910000	0.002795	-0.046477
11.920000	0.002883	-0.046708
11.930000	0.002879	-0.046668
11.940000	0.002940	-0.046291
11.950000	0.002761	-0.046499
11.960000	0.003004	-0.046106
11.970000	0.002781	-0.045899
11.980000	0.002909	-0.045916
11.990000	0.002993	-0.046213
12.000000	0.002962	-0.046112
12.010000	0.002804	-0.046012
12.020000	0.002965	-0.046024
12.030000	0.003060	-0.046041
12.040000	0.002981	-0.046068
12.050000	0.002918	-0.046423
12.060000	0.003102	-0.046281
12.070000	0.002773	-0.046499
12.080000	0.003194	-0.046134
12.090000	0.003106	-0.046067
12.100000	0.002962	-0.046166
12.110000	0.002916	-0.046298
12.120000	0.003007	-0.046140
12.130000	0.002951	-0.046166
12.140000	0.002966	-0.046196
12.150000	0.002931	-0.046028
12.160000	0.003011	-0.046282
12.170000	0.003086	-0.045671
12.180000	0.003067	-0.045868
12.190000	0.002801	-0.046135
12.200000	0.003037	-0.045504
12.210000	0.003051	-0.045576
12.220000	0.002788	-0.045153
12.230000	0.003067	-0.045191
12.240000	0.002926	-0.044623
12.250000	0.003171	-0.044684
12.260000	0.003175	-0.044722
12.270000	0.003175	-0.044732
12.280000	0.002955	-0.044539
12.290000	0.003152	-0.044302
12.300000	0.002933	-0.044608
12.310000	0.002926	-0.044634
12.320000	0.002412	-0.044681
12.330000	0.003337	-0.044846
12.340000	0.003270	-0.045140
12.350000	0.003080	-0.044661
12.360000	0.002812	-0.045452
12.370000	0.003001	-0.045261
12.380000	0.003251	-0.045327
12.390000	0.002804	-0.045789
12.400000	0.002730	-0.045457
12.410000	0.003018	-0.045999
12.420000	0.002887	-0.045926
12.430000	0.002805	-0.045790
12.440000	0.002949	-0.045989
12.450000	0.002596	-0.045496
12.460000	0.002977	-0.046470
12.470000	0.002918	-0.046466
12.480000	0.002832	-0.046936
12.490000	0.002623	-0.047056
12.500000	0.002782	-0.047285
12.510000	0.002763	-0.047182
12.520000	0.002863	-0.047543
12.530000	0.002833	-0.047462
12.540000	0.002724	-0.047680
12.550000	0.002684	-0.047750
12.560000	0.002746	-0.047957
12.570000	0.002856	-0.048176
12.580000	0.002827	-0.048082
12.590000	0.002825	-0.048515
12.600000	0.002732	-0.047915
12.610000	0.003106	-0.048386
12.620000	0.002969	-0.048008
12.630000	0.002802	-0.048504
12.640000	0.002861	-0.048346
12.650000	0.003073	-0.048673
12.660000	0.002718	-0.048758
12.670000	0.002973	-0.048167
12.680000	0.002656	-0.048491
12.690000	0.003115	-0.049025
12.700000	0.002770	-0.048618
12.710000	0.002974	-0.048419
12.720000	0.003094	-0.048356
12.730000	0.003113	-0.048143
12.740000	0.003242	-0.048589
12.750000	0.003172	-0.047801
12.760000	0.003388	-0.047883
12.770000	0.003067	-0.047766
12.780000	0.003371	-0.047803
12.790000	0.003246	-0.047331
12.800000	0.003184	-0.047397
12.810000	0.003442	-0.047594
12.820000	0.003164	-0.047601
12.830000	0.003372	-0.047622
12.840000	0.003360	-0.047857
12.850000	0.003371	-0.047836
12.860000	0.003526	-0.048109
12.870000	0.003500	-0.047941
12.880000	0.003454	-0.048124
12.890000	0.003217	-0.048332
12.900000	0.003289	-0.047696
12.910000	0.003630	-0.048123
12.920000	0.003414	-0.047650
12.930000	0.003488	-0.048081
12.940000	0.003382	-0.047781
12.950000	0.003712	-0.047879
12.960000	0.003249	-0.047847
12.970000	0.003577	-0.048037
12.980000	0.003041	-0.047747
12.990000	0.003232	-0.047717
13.000000	0.003154	-0.047589
13.010000	0.003343	-0.047638
13.020000	0.003059	-0.047281
13.030000	0.003427	-0.047256
13.040000	0.003274	-0.047230
13.050000	0.003603	-0.047527
13.060000	0.003532	-0.046884
13.070000	0.003419	-0.046757
13.080000	0.003490	-0.046520
13.090000	0.003235	-0.046888
13.100000	0.003759	-0.047131
13.110000	0.003581	-0.046574
13.120000	0.003696	-0.046042
13.130000	0.003797	-0.045897
13.140000	0.003790	-0.045661
13.150000	0.004232	-0.046218
13.160000	0.004436	-0.045525
13.170000	0.003923	-0.045075
13.180000	0.004373	-0.044877
13.190000	0.004395	-0.044612
13.200000	0.004202	-0.044704
13.210000	0.004208	-0.044335
13.220000	0.004291	-0.044199
13.230000	0.004404	-0.044589
13.240000	0.004201	-0.044354
13.250000	0.004026	-0.044470
13.260000	0.003982	-0.044416
13.270000	0.003950	-0.043689
13.280000	0.004093	-0.044358
13.290000	0.004145	-0.043794
13.300000	0.004178	-0.043543
13.310000	0.004480	-0.043812
13.320000	0.004490	-0.043622
13.330000	0.004659	-0.043450
13.340000	0.004319	-0.043443
13.350000	0.004314	-0.043588
13.360000	0.004598	-0.043861
13.370000	0.004339	-0.043740
13.380000	0.004514	-0.044054
13.390000	0.004456	-0.044074
13.400000	0.004480	-0.043958
13.410000	0.004581	-0.043981
13.420000	0.004559	-0.044004
13.430000	0.004649	-0.043866
13.440000	0.004682	-0.043849
13.450000	0.004762	-0.044049
13.460000	0.004828	-0.043544
13.470000	0.004627	-0.043658
13.480000	0.004800	-0.043529
13.490000	0.005037	-0.043566
13.500000	0.004971	-0.043817
13.510000	0.005059	-0.043535
13.520000	0.004948	-0.043795
13.530000	0.004990	-0.043114
13.540000	0.005244	-0.043208
13.550000	0.005047	-0.043265
13.560000	0.005321	-0.042949
13.570000	0.005250	-0.042959
13.580000	0.005121	-0.042581
13.590000	0.005356	-0.043075
13.600000	0.005391	-0.042565
13.610000	0.005580	-0.042279
13.620000	0.005361	-0.042552
13.630000	0.005852	-0.042465
13.640000	0.005706	-0.042206
13.650000	0.005681	-0.042157
13.660000	0.005837	-0.041937
13.670000	0.006007	-0.041977
13.680000	0.005663	-0.041867
13.690000	0.006050	-0.041764
13.700000	0.005520	-0.041415
13.710000	0.005998	-0.041095
13.720000	0.005726	-0.041072
13.730000	0.005538	-0.040661
13.740000	0.005437	-0.040520
13.750000	0.005993	-0.040843
13.760000	0.005903	-0.040532
13.770000	0.005785	-0.040641
13.780000	0.005733	-0.040607
13.790000	0.006169	-0.040587
13.800000	0.006135	-0.040955
13.810000	0.005634	-0.041072
13.820000	0.005885	-0.040920
13.830000	0.005810	-0.040981
13.840000	0.005658	-0.041112
13.850000	0.005975	-0.041564
13.860000	0.005739	-0.041896
13.870000	0.005685	-0.041515
13.880000	0.005698	-0.041606
13.890000	0.005865	-0.041654
13.900000	0.006005	-0.042024
13.910000	0.006118	-0.041207
13.920000	0.005916	-0.041538
13.930000	0.006055	-0.041739
13.940000	0.006193	-0.041534
13.950000	0.005934	-0.041655
13.960000	0.006137	-0.041410
13.970000	0.006016	-0.041166
13.980000	0.006551	-0.041416
13.990000	0.006412	-0.041535
14.000000	0.006627	-0.041160
14.010000	0.006289	-0.041107
14.020000	0.006414	-0.040838
14.030000	0.006574	-0.040874
14.040000	0.006704	-0.041178
14.050000	0.006708	-0.040835
14.060000	0.006750	-0.040877
14.070000	0.006711	-0.040513
14.080000	0.006820	-0.039945
14.090000	0.007044	-0.040317
14.100000	0.007117	-0.040229
14.110000	0.007316	-0.040350
14.120000	0.006921	-0.040185
14.130000	0.007189	-0.040008
14.140000	0.007421	-0.039722
14.150000	0.007157	-0.039257
14.160000	0.007309	-0.039622
14.170000	0.007198	-0.039196
14.180000	0.007306	-0.039399
14.190000	0.007741	-0.039327
14.200000	0.007340	-0.039399
14.210000	0.007328	-0.039378
14.220000	0.007398	-0.039795
14.230000	0.007414	-0.039344
14.240000	0.007529	-0.039582
14.250000	0.007631	-0.039385
14.260000	0.007197	-0.039608
14.270000	0.007342	-0.039891
14.280000	0.007382	-0.039966
14.290000	0.007325	-0.040120
14.300000	0.007553	-0.039878
14.310000	0.007305	-0.040350
14.320000	0.007414	-0.040251
14.330000	0.007379	-0.040031
14.340000	0.007564	-0.040440
14.350000	0.007483	-0.040648
14.360000	0.007732	-0.040820
14.370000	0.007615	-0.040792
14.380000	0.007655	-0.040871
14.390000	0.007667	-0.040849
14.400000	0.007417	-0.040713
14.410000	0.007918	-0.041205
14.420000	0.007360	-0.041185
14.430000	0.007700	-0.041713
14.440000	0.007485	-0.041792
14.450000	0.007552	-0.041676
14.460000	0.007659	-0.041931
14.470000	0.007378	-0.041528
14.480000	0.007359	-0.041790
14.490000	0.007789	-0.041767
14.500000	0.007629	-0.041828
14.510000	0.007760	-0.041698
14.520000	0.007889	-0.041908
14.530000	0.007799	-0.041725
14.540000	0.007971	-0.041641
14.550000	0.007939	-0.041607
14.560000	0.007960	-0.042028
14.570000	0.008281	-0.042135
14.580000	0.008040	-0.041387
14.590000	0.008289	-0.041621
14.600000	0.008417	-0.041381
14.610000	0.008606	-0.041450
14.620000	0.008973	-0.041290
14.630000	0.008548	-0.040955
14.640000	0.009091	-0.040977
14.650000	0.009025	-0.040610
14.660000	0.009267	-0.040292
14.670000	0.009022	-0.040412
14.680000	0.009134	-0.040213
14.690000	0.009112	-0.040146
14.700000	0.009376	-0.039958
14.710000	0.008859	-0.039783
14.720000	0.009099	-0.039880
14.730000	0.008904	-0.039881
14.740000	0.008938	-0.040157
14.750000	0.008742	-0.040200
14.760000	0.008884	-0.040376
14.770000	0.008686	-0.040113
14.780000	0.008892	-0.040443
14.790000	0.008612	-0.040529
14.800000	0.009004	-0.040541
14.810000	0.008983	-0.040442
14.820000	0.008601	-0.040234
14.830000	0.009125	-0.040388
14.840000	0.008894	-0.040683
14.850000	0.008821	-0.040485
14.860000	0.008947	-0.041053
14.870000	0.009071	-0.041158
14.880000	0.008993	-0.041051
14.890000	0.008981	-0.041073
14.900000	0.008816	-0.041406
14.910000	0.008783	-0.041392
14.920000	0.008757	-0.041732
14.930000	0.008973	-0.041577
14.940000	0.008568	-0.041285
14.950000	0.008774	-0.041941
14.960000	0.008394	-0.042062
14.970000	0.008291	-0.042435
14.980000	0.008142	-0.042151
14.990000	0.007982	-0.042222
15.000000	0.008101	-0.042377
15.010000	0.007800	-0.042215
15.020000	0.007671	-0.042741
15.030000	0.007941	-0.043158
15.040000	0.008152	-0.042779
15.050000	0.007671	-0.042741
15.060000	0.007721	-0.043028
15.070000	0.007837	-0.043336
15.080000	0.007733	-0.043312
15.090000	0.007504	-0.043301
15.100000	0.008024	-0.043558
15.110000	0.008157	-0.043991
15.120000	0.008206	-0.043402
15.130000	0.008002	-0.043400
15.140000	0.008083	-0.043593
15.150000	0.008098	-0.043370
15.160000	0.008123	-0.043245
15.170000	0.008146	-0.043635
15.180000	0.008134	-0.043958
15.190000	0.008399	-0.044329
15.200000	0.008176	-0.043582
15.210000	0.008244	-0.043685
15.220000	0.008295	-0.043499
15.230000	0.008306	-0.043488
15.240000	0.008173	-0.043401
15.250000	0.008223	-0.043386
15.260000	0.008434	-0.043820
15.270000	0.008382	-0.043434
15.280000	0.008109	-0.043466
15.290000	0.008240	-0.043220
15.300000	0.008373	-0.043350
15.310000	0.008615	-0.043341
15.320000	0.008420	-0.043066
15.330000	0.008505	-0.043496
15.340000	0.008393	-0.043677
15.350000	0.008383	-0.043344
15.360000	0.008296	-0.043474
15.370000	0.008283	-0.043499
15.380000	0.008498	-0.043599
15.390000	0.008396	-0.043593
15.400000	0.008382	-0.043355
15.410000	0.008503	-0.043246
15.420000	0.008667	-0.043417
15.430000	0.008598	-0.043406
15.440000	0.008535	-0.042975
15.450000	0.009030	-0.043068
15.460000	0.008481	-0.043200
15.470000	0.008688	-0.043168
15.480000	0.008994	-0.043386
15.490000	0.008624	-0.042772
15.500000	0.008657	-0.042832
15.510000	0.008662	-0.042161
15.520000	0.008886	-0.042285
15.530000	0.008646	-0.042579
15.540000	0.008427	-0.041689
15.550000	0.008658	-0.041678
15.560000	0.008730	-0.042205
15.570000	0.008448	-0.041428
15.580000	0.008547	-0.041548
15.590000	0.008363	-0.041336
15.600000	0.008643	-0.042040
15.610000	0.008506	-0.042194
15.620000	0.008523	-0.042169
15.630000	0.008394	-0.041784
15.640000	0.008384	-0.042048
15.650000	0.008644	-0.041971
15.660000	0.007912	-0.041865
15.670000	0.008576	-0.042218
15.680000	0.008353	-0.041955
15.690000	0.008350	-0.041877
15.700000	0.008452	-0.041856
15.710000	0.008325	-0.042032
15.720000	0.008040	-0.041780
15.730000	0.008273	-0.041916
15.740000	0.008533	-0.041873
15.750000	0.008077	-0.041217
15.760000	0.008080	-0.040866
15.770000	0.008255	-0.041116
15.780000	0.008228	-0.041142
15.790000	0.008158	-0.040858
15.800000	0.007735	-0.040549
15.810000	0.007845	-0.040133
15.820000	0.008006	-0.040067
15.830000	0.008067	-0.039901
15.840000	0.008127	-0.039651
15.850000	0.008155	-0.039482
15.860000	0.007994	-0.039539
15.870000	0.008018	-0.039283
15.880000	0.007916	-0.039396
15.890000	0.007814	-0.039367
15.900000	0.007895	-0.039101
15.910000	0.007904	-0.038882
15.920000	0.008129	-0.038809
15.930000	0.008298	-0.038725
15.940000	0.008265	-0.038430
15.950000	0.008034	-0.038420
15.960000	0.008300	-0.038515
15.970000	0.008124	-0.038053
15.980000	0.008377	-0.037786
15.990000	0.007838	-0.037382
16.000000	0.007969	-0.037249
16.010000	0.008289	-0.037364
16.020000	0.008079	-0.037087
16.030000	0.008021	-0.037013
16.040000	0.007979	-0.036965
16.050000	0.008044	-0.036550
16.060000	0.008500	-0.036860
16.070000	0.008270	-0.036532
16.080000	0.007977	-0.036720
16.090000	0.008035	-0.036806
16.100000	0.007766	-0.036737
16.110000	0.007888	-0.036586
16.120000	0.008018	-0.036871
16.130000	0.007848	-0.036578
16.140000	0.007868	-0.036832
16.150000	0.007978	-0.037037
16.160000	0.007951	-0.037335
16.170000	0.007728	-0.037009
16.180000	0.007506	-0.037614
16.190000	0.007644	-0.036975
16.200000	0.007977	-0.037110
16.210000	0.007423	-0.037235
16.220000	0.007629	-0.037737
16.230000	0.007455	-0.037281
16.240000	0.007789	-0.037682
16.250000	0.007478	-0.036873
16.260000	0.007130	-0.037004
16.270000	0.007491	-0.037431
16.280000	0.007170	-0.037622
16.290000	0.007387	-0.037957
16.300000	0.007090	-0.037794
16.310000	0.007038	-0.037740
16.320000	0.006849	-0.037814
16.330000	0.007007	-0.038039
16.340000	0.006946	-0.037989
16.350000	0.006888	-0.037864
16.360000	0.006741	-0.037958
16.370000	0.006987	-0.038880
16.380000	0.006899	-0.038172
16.390000	0.007078	-0.038397
16.400000	0.006742	-0.038591
16.410000	0.006598	-0.038312
16.420000	0.006866	-0.038714
16.430000	0.006684	-0.038393
16.440000	0.006774	-0.038900
16.450000	0.006762	-0.038900
16.460000	0.006580	-0.038545
16.470000	0.006992	-0.038932
16.480000	0.006669	-0.038391
16.490000	0.006544	-0.038676
16.500000	0.006727	-0.038252
16.510000	0.006695	-0.038189
16.520000	0.006600	-0.038067
16.530000	0.006565	-0.038322
16.540000	0.006403	-0.038342
16.550000	0.006180	-0.038362
16.560000	0.006288	-0.037975
16.570000	0.006106	-0.038228
16.580000	0.006124	-0.038247
16.590000	0.005695	-0.038572
16.600000	0.005929	-0.038215
16.610000	0.005738	-0.038951
16.620000	0.005898	-0.038851
16.630000	0.005875	-0.038862
16.640000	0.006079	-0.038962
16.650000	0.005727	-0.038951
16.660000	0.005673	-0.038882
16.670000	0.005875	-0.038840
16.680000	0.005927	-0.038976
16.690000	0.005764	-0.039004
16.700000	0.005872	-0.038493
16.710000	0.005716	-0.038973
16.720000	0.005925	-0.038425
16.730000	0.005954	-0.038298
16.740000	0.005831	-0.038779
16.750000	0.005712	-0.038034
16.760000	0.005664	-0.038404
16.770000	0.005764	-0.038229
16.780000	0.005765	-0.038390
16.790000	0.005645	-0.038075
16.800000	0.005589	-0.038207
16.810000	0.005564	-0.038126
16.820000	0.005372	-0.038522
16.830000	0.005513	-0.038675
16.840000	0.005571	-0.038167
16.850000	0.005348	-0.038207
16.860000	0.005717	-0.038277
16.870000	0.005694	-0.038299
16.880000	0.005827	-0.037973
16.890000	0.005611	-0.037912
16.900000	0.005288	-0.038486
16.910000	0.005532	-0.038292
16.920000	0.005475	-0.038046
16.930000	0.005593	-0.038097
16.940000	0.005448	-0.037892
16.950000	0.005373	-0.038180
16.960000	0.005388	-0.037794
16.970000	0.005482	-0.038066
16.980000	0.005532	-0.037996
16.990000	0.005383	-0.038385
17.000000	0.005292	-0.037771
17.010000	0.004946	-0.038186
17.020000	0.005251	-0.038054
17.030000	0.005146	-0.038522
17.040000	0.005034	-0.038199
17.050000	0.005006	-0.037912
17.060000	0.005034	-0.038197
17.070000	0.004887	-0.038300
17.080000	0.005122	-0.038176
17.090000	0.004898	-0.038501
17.100000	0.004832	-0.039056
17.110000	0.004780	-0.038612
17.120000	0.004736	-0.039119
17.130000	0.004798	-0.038975
17.140000	0.004596	-0.039234
17.150000	0.004340	-0.039389
17.160000	0.004647	-0.039471
17.170000	0.004510	-0.039209
17.180000	0.004290	-0.039558
17.190000	0.004551	-0.039880
17.200000	0.004215	-0.039586
17.210000	0.004366	-0.040059
17.220000	0.004319	-0.040145
17.230000	0.004092	-0.040199
17.240000	0.004115	-0.039949
17.250000	0.004221	-0.040125
17.260000	0.004098	-0.040201
17.270000	0.004188	-0.040059
17.280000	0.004088	-0.040212
17.290000	0.004344	-0.040038
17.300000	0.004491	-0.040322
17.310000	0.004237	-0.040256
17.320000	0.004122	-0.039384
17.330000	0.004154	-0.039839
17.340000	0.004428	-0.039544
17.350000	0.004060	-0.039316
17.360000	0.004204	-0.039861
17.370000	0.004113	-0.039455
17.380000	0.004160	-0.039022
17.390000	0.004117	-0.039171
17.400000	0.004230	-0.039051
17.410000	0.004278	-0.038921
17.420000	0.004198	-0.039224
17.430000	0.004089	-0.038919
17.440000	0.003955	-0.039182
17.450000	0.004106	-0.039124
17.460000	0.004171	-0.038823
17.470000	0.003718	-0.038840
17.480000	0.003795	-0.039155
17.490000	0.003723	-0.039170
17.500000	0.003439	-0.039350
17.510000	0.003734	-0.039082
17.520000	0.003700	-0.039248
17.530000	0.003612	-0.039519
17.540000	0.003342	-0.039514
17.550000	0.003459	-0.039532
17.560000	0.003014	-0.039289
17.570000	0.003227	-0.039793
17.580000	0.002913	-0.039558
17.590000	0.003228	-0.039945
17.600000	0.003099	-0.039800
17.610000	0.003209	-0.039890
17.620000	0.003205	-0.039835
17.630000	0.003185	-0.040045
17.640000	0.003410	-0.039578
17.650000	0.003424	-0.040286
17.660000	0.003358	-0.040076
17.670000	0.003176	-0.039367
17.680000	0.003331	-0.039586
17.690000	0.003244	-0.039977
17.700000	0.003417	-0.040351
17.710000	0.003281	-0.039445
17.720000	0.003292	-0.039989
17.730000	0.003110	-0.039768
17.740000	0.003251	-0.039934
17.750000	0.003331	-0.040066
17.760000	0.003528	-0.039629
17.770000	0.003418	-0.039901
17.780000	0.003343	-0.039651
17.790000	0.003225	-0.039644
17.800000	0.003556	-0.039347
17.810000	0.003527	-0.039714
17.820000	0.003646	-0.039508
17.830000	0.004052	-0.039445
17.840000	0.003624	-0.039519
17.850000	0.004015	-0.039431
17.860000	0.003951	-0.039587
17.870000	0.003733	-0.039216
17.880000	0.003935	-0.039839
17.890000	0.003956	-0.040001
17.900000	0.003796	-0.039991
17.910000	0.003435	-0.039825
17.920000	0.003801	-0.040310
17.930000	0.003554	-0.039968
17.940000	0.003590	-0.040386
17.950000	0.003793	-0.040518
17.960000	0.003654	-0.040520
17.970000	0.003441	-0.040132
17.980000	0.003648	-0.040298
17.990000	0.003962	-0.040609
18.000000	0.003607	-0.040962
18.010000	0.003920	-0.040659
18.020000	0.003471	-0.040987
18.030000	0.003451	-0.041183
18.040000	0.003552	-0.041342
18.050000	0.003662	-0.041257
18.060000	0.003494	-0.041526
18.070000	0.003350	-0.041622
18.080000	0.003663	-0.041818
18.090000	0.003392	-0.041680
18.100000	0.003419	-0.041989
18.110000	0.003546	-0.041949
18.120000	0.003521	-0.042119
18.130000	0.003362	-0.042180
18.140000	0.003267	-0.042014
18.150000	0.003691	-0.042405
18.160000	0.003675	-0.042104
18.170000	0.003573	-0.041940
18.180000	0.003707	-0.042165
18.190000	0.003439	-0.042068
18.200000	0.003609	-0.042665
18.210000	0.003306	-0.041847
18.220000	0.003185	-0.042217
18.230000	0.003568	-0.041928
18.240000	0.003404	-0.041921
18.250000	0.003442	-0.041946
18.260000	0.003290	-0.041823
18.270000	0.003443	-0.041806
18.280000	0.003116	-0.041544
18.290000	0.003090	-0.041530
18.300000	0.003090	-0.041541
18.310000	0.003378	-0.041495
18.320000	0.003529	-0.041364
18.330000	0.003120	-0.041347
18.340000	0.003249	-0.041318
18.350000	0.003420	-0.041277
18.360000	0.003244	-0.041446
18.370000	0.002995	-0.040830
18.380000	0.002980	-0.041037
18.390000	0.003157	-0.041126
18.400000	0.003203	-0.041155
18.410000	0.003055	-0.041291
18.420000	0.003149	-0.041159
18.430000	0.003013	-0.040761
18.440000	0.002945	-0.041008
18.450000	0.002975	-0.040616
18.460000	0.003189	-0.041073
18.470000	0.002861	-0.040517
18.480000	0.003065	-0.040564
18.490000	0.002845	-0.040219
18.500000	0.003286	-0.040298
18.510000	0.003186	-0.039909
18.520000	0.003244	-0.039247
18.530000	0.003131	-0.039159
18.540000	0.003385	-0.039211
18.550000	0.003360	-0.038567
18.560000	0.003247	-0.038150
18.570000	0.003262	-0.038203
18.580000	0.003219	-0.037605
18.590000	0.003418	-0.037366
18.600000	0.003300	-0.037245
18.610000	0.003566	-0.036772
18.620000	0.003472	-0.036871
18.630000	0.003693	-0.036529
18.640000	0.003527	-0.036290
18.650000	0.003824	-0.036861
18.660000	0.003832	-0.036374
18.670000	0.003729	-0.036309
18.680000	0.003534	-0.036404
18.690000	0.003545	-0.036405
18.700000	0.003711	-0.036346
18.710000	0.003336	-0.036404
18.720000	0.003320	-0.036332
18.730000	0.003594	-0.035821
18.740000	0.003480	-0.036277
18.750000	0.003386	-0.035821
18.760000	0.003467	-0.036068
18.770000	0.003231	-0.035366
18.780000	0.003114	-0.035205
18.790000	0.003235	-0.035394
18.800000	0.003299	-0.035428
18.810000	0.002993	-0.035130
18.820000	0.003270	-0.035521
18.830000	0.003072	-0.035330
18.840000	0.002914	-0.035280
18.850000	0.003001	-0.035091
18.860000	0.002944	-0.035212
18.870000	0.003133	-0.035271
18.880000	0.002694	-0.035373
18.890000	0.002732	-0.035411
18.900000	0.002901	-0.035128
18.910000	0.002902	-0.035177
18.920000	0.002978	-0.035716
18.930000	0.002626	-0.035524
18.940000	0.002595	-0.035458
18.950000	0.002951	-0.035743
18.960000	0.002546	-0.035856
18.970000	0.002744	-0.036250
18.980000	0.002395	-0.035788
18.990000	0.002059	-0.035676
19.000000	0.002528	-0.036830
19.010000	0.001891	-0.036537
19.020000	0.001720	-0.036534
19.030000	0.001832	-0.036900
19.040000	0.001629	-0.036959
19.050000	0.001578	-0.037889
19.060000	0.001565	-0.038134
19.070000	0.001441	-0.037847
19.080000	0.001211	-0.038142
19.090000	0.000980	-0.038364
19.100000	0.001147	-0.038524
19.110000	0.000956	-0.038616
19.120000	0.000951	-0.038503
19.130000	0.001046	-0.038401
19.140000	0.001137	-0.038662
19.150000	0.001339	-0.038656
19.160000	0.001148	-0.038651
19.170000	0.001055	-0.038529
19.180000	0.001035	-0.038582
19.190000	0.001302	-0.038592
19.200000	0.000757	-0.038018
19.210000	0.001034	-0.038296
19.220000	0.001175	-0.038205
19.230000	0.000840	-0.038112
19.240000	0.000852	-0.038166
19.250000	0.000787	-0.037916
19.260000	0.001058	-0.038072
19.270000	0.000518	-0.037805
19.280000	0.000657	-0.037968
19.290000	0.000596	-0.037634
19.300000	0.000344	-0.037593
19.310000	0.000593	-0.037270
19.320000	0.000493	-0.037469
19.330000	0.000606	-0.037067
19.340000	0.000841	-0.037177
19.350000	0.000483	-0.037565
19.360000	0.000428	-0.036958
19.370000	0.000547	-0.036944
19.380000	0.000647	-0.037236
19.390000	0.000595	-0.037078
19.400000	0.000642	-0.037341
19.410000	0.000669	-0.037203
19.420000	0.000603	-0.037169
19.430000	0.000668	-0.037438
19.440000	0.000600	-0.036803
19.450000	0.000657	-0.037173
19.460000	0.000552	-0.037263
19.470000	0.000682	-0.037222
19.480000	0.000861	-0.037261
19.490000	0.000872	-0.036821
19.500000	0.000583	-0.037240
19.510000	0.000752	-0.037577
19.520000	0.000492	-0.036945
19.530000	0.000691	-0.037290
19.540000	0.000557	-0.036894
19.550000	0.000838	-0.036864
19.560000	0.000444	-0.036562
19.570000	0.000354	-0.036793
19.580000	0.000588	-0.036891
19.590000	0.000326	-0.036923
19.600000	0.000734	-0.036636
19.610000	0.000265	-0.036480
19.620000	0.000497	-0.036764
19.630000	0.000618	-0.036516
19.640000	0.000197	-0.036689
19.650000	0.000244	-0.036787
19.660000	0.000141	-0.036981
19.670000	-0.000047	-0.036580
19.680000	-0.000034	-0.036957
19.690000	0.000128	-0.036911
19.700000	0.000082	-0.036583
19.710000	0.000010	-0.036657
19.720000	-0.000301	-0.036715
19.730000	0.000023	-0.036507
19.740000	0.000127	-0.036849
19.750000	-0.000139	-0.036493
19.760000	-0.000050	-0.036098
19.770000	-0.000117	-0.036493
19.780000	-0.000162	-0.036474
19.790000	-0.000371	-0.035874
19.800000	-0.000393	-0.036142
19.810000	-0.000004	-0.035973
19.820000	0.000079	-0.035915
19.830000	0.000088	-0.035299
19.840000	-0.000139	-0.035762
19.850000	-0.000405	-0.035582
19.860000	-0.000108	-0.035038
19.870000	-0.000189	-0.034942
19.880000	-0.000097	-0.034766
19.890000	-0.000024	-0.034847
19.900000	-0.000071	-0.034793
19.910000	-0.000085	-0.034594
19.920000	-0.000140	-0.034396
19.930000	0.000031	-0.034238
19.940000	-0.000281	-0.034119
19.950000	-0.000489	-0.034445
19.960000	-0.000234	-0.034260
19.970000	-0.000084	-0.034200
19.980000	-0.000200	-0.034613
19.990000	-0.000282	-0.034287
20.000000	-0.000166	-0.034162
20.010000	-0.000396	-0.034141
20.020000	-0.000538	-0.034261
20.030000	-0.000351	-0.034055
20.040000	-0.000166	-0.034211
20.050000	-0.000421	-0.033517
20.060000	-0.000420	-0.033936
20.070000	-0.000386	-0.033708
20.080000	-0.000443	-0.033541
20.090000	-0.000212	-0.033900
20.100000	-0.000340	-0.033270
20.110000	-0.000306	-0.033207
20.120000	-0.000421	-0.033293
20.130000	-0.000052	-0.033469
20.140000	-0.000328	-0.033406
20.150000	-0.000339	-0.033108
20.160000	-0.000156	-0.033360
20.170000	0.000123	-0.033237
20.180000	0.000018	-0.033061
20.190000	-0.000283	-0.033097
20.200000	-0.000110	-0.032898
20.210000	0.000029	-0.033039
20.220000	0.000108	-0.032552
20.230000	-0.000040	-0.032723
20.240000	0.000099	-0.032907
20.250000	0.000121	-0.032623
20.260000	0.000032	-0.032908
20.270000	0.000262	-0.032262
20.280000	-0.000076	-0.032314
20.290000	0.000038	-0.031906
20.300000	-0.000227	-0.032025
20.310000	-0.000089	-0.031735
20.320000	-0.000042	-0.032364
20.330000	-0.000158	-0.031966
20.340000	-0.000192	-0.031952
20.350000	-0.000041	-0.032126
20.360000	-0.000341	-0.032064
20.370000	0.000345	-0.031642
20.380000	0.000345	-0.031631
20.390000	0.000369	-0.031404
20.400000	0.000302	-0.031384
20.410000	0.000266	-0.031292
20.420000	0.000651	-0.031006
20.430000	0.000535	-0.030880
20.440000	0.000791	-0.031202
20.450000	0.000830	-0.031271
20.460000	0.000834	-0.030721
20.470000	0.000694	-0.031245
20.480000	0.000752	-0.030308
20.490000	0.000806	-0.030763
20.500000	0.000692	-0.030923
20.510000	0.000885	-0.030833
20.520000	0.000795	-0.030730
20.530000	0.000602	-0.030148
20.540000	0.000753	-0.030571
20.550000	0.000451	-0.030744
20.560000	0.000701	-0.031247
20.570000	0.000458	-0.030896
20.580000	0.000498	-0.031054
20.590000	0.000314	-0.031089
20.600000	0.000508	-0.030758
20.610000	0.000360	-0.030883
20.620000	0.000541	-0.031109
20.630000	0.000421	-0.030743
20.640000	0.000372	-0.030950
20.650000	0.000398	-0.030763
20.660000	0.000205	-0.031209
20.670000	0.000261	-0.030902
20.680000	0.000266	-0.031041
20.690000	0.000438	-0.031167
20.700000	0.000523	-0.030824
20.710000	0.000650	-0.030974
20.720000	0.000250	-0.031444
20.730000	0.000470	-0.031663
20.740000	0.000367	-0.031295
20.750000	0.000266	-0.031281
20.760000	0.000468	-0.031330
20.770000	0.000309	-0.031523
20.780000	0.000535	-0.030847
20.790000	0.000218	-0.030657
20.800000	0.000063	-0.031210
20.810000	0.000304	-0.030846
20.820000	0.000166	-0.031268
20.830000	0.000437	-0.031234
20.840000	0.000266	-0.031030
20.850000	0.000293	-0.030857
20.860000	-0.000044	-0.030962
20.870000	0.000037	-0.030777
20.880000	0.000060	-0.030779
20.890000	0.000000	-0.031188
20.900000	0.000012	-0.030929
20.910000	-0.000078	-0.031167
20.920000	-0.000124	-0.030892
20.930000	-0.000112	-0.030925
20.940000	-0.000010	-0.030962
20.950000	-0.000113	-0.030914
20.960000	0.000199	-0.030696
20.970000	0.000046	-0.030700
20.980000	-0.000206	-0.030787
20.990000	0.000130	-0.031189
21.000000	0.000451	-0.030687
21.010000	0.000026	-0.030809
21.020000	0.000082	-0.031085
21.030000	0.000248	-0.031110
21.040000	-0.000009	-0.030754
21.050000	0.000312	-0.030800
21.060000	0.000163	-0.030675
21.070000	0.000343	-0.031005
21.080000	0.000379	-0.030586
21.090000	0.000243	-0.030745
21.100000	0.000685	-0.030468
21.110000	0.000531	-0.030253
21.120000	0.000854	-0.030116
21.130000	0.000572	-0.029997
21.140000	0.000953	-0.029630
21.150000	0.001050	-0.029853
21.160000	0.001021	-0.029483
21.170000	0.001069	-0.029515
21.180000	0.001142	-0.030016
21.190000	0.001130	-0.030006
21.200000	0.001520	-0.029955
21.210000	0.000993	-0.029978
21.220000	0.001278	-0.030365
21.230000	0.001240	-0.030055
21.240000	0.001033	-0.030066
21.250000	0.001150	-0.030503
21.260000	0.001168	-0.030582
21.270000	0.001169	-0.031400
21.280000	0.001149	-0.031319
21.290000	0.000918	-0.031508
21.300000	0.000907	-0.031519
21.310000	0.001172	-0.031968
21.320000	0.000884	-0.031583
21.330000	0.000654	-0.032442
21.340000	0.000839	-0.032657
21.350000	0.000702	-0.032294
21.360000	0.000806	-0.032454
21.370000	0.000729	-0.032676
21.380000	0.000335	-0.032970
21.390000	0.000450	-0.033318
21.400000	0.000370	-0.032705
21.410000	0.000867	-0.033054
21.420000	0.000435	-0.033485
21.430000	0.000446	-0.033449
21.440000	0.000331	-0.033621
21.450000	0.000170	-0.033771
21.460000	0.000494	-0.033595
21.470000	0.000368	-0.033459
21.480000	0.000595	-0.033611
21.490000	0.000494	-0.033563
21.500000	0.000526	-0.033284
21.510000	0.000764	-0.032940
21.520000	0.000994	-0.032940
21.530000	0.001156	-0.032736
21.540000	0.001075	-0.032563
21.550000	0.001281	-0.032276
21.560000	0.001443	-0.031891
21.570000	0.001850	-0.031694
21.580000	0.001634	-0.031169
21.590000	0.001794	-0.030387
21.600000	0.002179	-0.030690
21.610000	0.002407	-0.030208
21.620000	0.002539	-0.029763
21.630000	0.002446	-0.029690
21.640000	0.002400	-0.029879
21.650000	0.002466	-0.029645
21.660000	0.002802	-0.029617
21.670000	0.002674	-0.029573
21.680000	0.002972	-0.029426
21.690000	0.002669	-0.029350
21.700000	0.003128	-0.029321
21.710000	0.002450	-0.029627
21.720000	0.002798	-0.029510
21.730000	0.002676	-0.029404
21.740000	0.002722	-0.030064
21.750000	0.002549	-0.030017
21.760000	0.002874	-0.030270
21.770000	0.002109	-0.030388
21.780000	0.002451	-0.030484
21.790000	0.002252	-0.030837
21.800000	0.002216	-0.031111
21.810000	0.002069	-0.031441
21.820000	0.001820	-0.031909
21.830000	0.001680	-0.031633
21.840000	0.001721	-0.032367
21.850000	0.001876	-0.032542
21.860000	0.001596	-0.032908
21.870000	0.001643	-0.033036
21.880000	0.001503	-0.033430
21.890000	0.001510	-0.033632
21.900000	0.001165	-0.034029
21.910000	0.001042	-0.034521
21.920000	0.001438	-0.034715
21.930000	0.001080	-0.034850
21.940000	0.001410	-0.035183
21.950000	0.001517	-0.035137
21.960000	0.001353	-0.035233
21.970000	0.001504	-0.035375
21.980000	0.001594	-0.035461
21.990000	0.001199	-0.035567
22.000000	0.001460	-0.035522
22.010000	0.001365	-0.035532
22.020000	0.001347	-0.035427
22.030000	0.001468	-0.035104
22.040000	0.001137	-0.035608
22.050000	0.001410	-0.035204
22.060000	0.001407	-0.035060
22.070000	0.001546	-0.035212
22.080000	0.001381	-0.034860
22.090000	0.000930	-0.034984
22.100000	0.001054	-0.034510
22.110000	0.001225	-0.034817
22.120000	0.001065	-0.034543
22.130000	0.000846	-0.034532
22.140000	0.001132	-0.034715
22.150000	0.001184	-0.033934
22.160000	0.000934	-0.034034
22.170000	0.000870	-0.033735
22.180000	0.001248	-0.034049
22.190000	0.001418	-0.033742
22.200000	0.000919	-0.033489
22.210000	0.000838	-0.033545
22.220000	0.000977	-0.033387
22.230000	0.000667	-0.033325
22.240000	0.001171	-0.033151
22.250000	0.000655	-0.033048
22.260000	0.001315	-0.033354
22.270000	0.001001	-0.033414
22.280000	0.000705	-0.033689
22.290000	0.000886	-0.033574
22.300000	0.000954	-0.033398
22.310000	0.000718	-0.033571
22.320000	0.000988	-0.033685
22.330000	0.000979	-0.033721
22.340000	0.000746	-0.033377
22.350000	0.000830	-0.033375
22.360000	0.000672	-0.033976
22.370000	0.000604	-0.033983
22.380000	0.000489	-0.034128
22.390000	0.000606	-0.034283
22.400000	0.000454	-0.034359
22.410000	0.000681	-0.034040
22.420000	0.000271	-0.034664
22.430000	0.000422	-0.034573
22.440000	0.000360	-0.034974
22.450000	0.000297	-0.034750
22.460000	0.000591	-0.035205
22.470000	0.000204	-0.034874
22.480000	0.000295	-0.034691
22.490000	0.000170	-0.034884
22.500000	-0.000155	-0.034696
22.510000	-0.000153	-0.035083
22.520000	0.000034	-0.034874
22.530000	-0.000039	-0.034846
22.540000	-0.000383	-0.035044
22.550000	-0.000256	-0.034997
22.560000	-0.000269	-0.034829
22.570000	-0.000189	-0.034663
22.580000	-0.000544	-0.035017
22.590000	-0.000200	-0.034641
22.600000	-0.000429	-0.035264
22.610000	-0.000291	-0.035207
22.620000	-0.000280	-0.034582
22.630000	-0.000234	-0.034986
22.640000	-0.000292	-0.034543
22.650000	-0.000568	-0.034717
22.660000	-0.000396	-0.034716
22.670000	-0.000649	-0.034452
22.680000	-0.000327	-0.035004
22.690000	-0.000526	-0.034357
22.700000	-0.000560	-0.034574
22.710000	-0.000526	-0.034748
22.720000	-0.000731	-0.034290
22.730000	-0.000927	-0.034568
22.740000	-0.000686	-0.034596
22.750000	-0.000769	-0.034276
22.760000	-0.000642	-0.034519
22.770000	-0.000895	-0.034634
22.780000	-0.000803	-0.034250
22.790000	-0.000467	-0.034200
22.800000	-0.000434	-0.033814
22.810000	-0.000420	-0.033541
22.820000	-0.000478	-0.033972
22.830000	-0.000478	-0.033957
22.840000	-0.000454	-0.033490
22.850000	-0.000143	-0.033425
22.860000	-0.000201	-0.033605
22.870000	-0.000258	-0.033423
22.880000	0.000017	-0.033580
22.890000	-0.000249	-0.032840
22.900000	0.000121	-0.033455
22.910000	-0.000008	-0.032879
22.920000	-0.000144	-0.033135
22.930000	-0.000027	-0.033071
22.940000	0.000238	-0.033040
22.950000	0.000191	-0.032714
22.960000	0.000029	-0.032800
22.970000	0.000204	-0.033036
22.980000	0.000205	-0.032835
22.990000	0.000155	-0.032697
23.000000	0.000014	-0.032371
23.010000	0.000470	-0.032811
23.020000	0.000309	-0.032936
23.030000	0.000419	-0.032370
23.040000	0.000271	-0.032826
23.050000	0.000357	-0.032759
23.060000	0.000309	-0.032915
23.070000	0.000375	-0.033200
23.080000	0.000232	-0.032645
23.090000	0.000387	-0.033235
23.100000	0.000243	-0.032883
23.110000	0.000268	-0.033254
23.120000	0.000042	-0.033124
23.130000	-0.000008	-0.032868
23.140000	0.000180	-0.032932
23.150000	0.000041	-0.033100
23.160000	0.000423	-0.032979
23.170000	0.000274	-0.033161
23.180000	0.000110	-0.033140
23.190000	0.000474	-0.032863
23.200000	-0.000039	-0.033002
23.210000	0.000239	-0.033043
23.220000	0.000133	-0.033179
23.230000	-0.000096	-0.033589
23.240000	-0.000065	-0.033079
23.250000	-0.000214	-0.033293
23.260000	-0.000006	-0.033300
23.270000	-0.000076	-0.033079
23.280000	-0.000096	-0.033804
23.290000	0.000109	-0.033379
23.300000	-0.000029	-0.033726
23.310000	0.000029	-0.033550
23.320000	0.000271	-0.033291
23.330000	-0.000101	-0.032665
23.340000	0.000205	-0.033006
23.350000	0.000130	-0.033042
23.360000	0.000143	-0.032820
23.370000	-0.000112	-0.032460
23.380000	0.000087	-0.032820
23.390000	0.000155	-0.032621
23.400000	0.000383	-0.032273
23.410000	0.000253	-0.032303
23.420000	0.000319	-0.032294
23.430000	0.000179	-0.032119
23.440000	0.000225	-0.032179
23.450000	0.000581	-0.031688
23.460000	0.000491	-0.031916
23.470000	0.000561	-0.031810
23.480000	0.000279	-0.031362
23.490000	0.000265	-0.031304
23.500000	0.000535	-0.031133
23.510000	0.000532	-0.031067
23.520000	0.000905	-0.031295
23.530000	0.000665	-0.031065
23.540000	0.000700	-0.030835
23.550000	0.000667	-0.030846
23.560000	0.000844	-0.030665
23.570000	0.000575	-0.030850
23.580000	0.000462	-0.030778
23.590000	0.000766	-0.030320
23.600000	0.000391	-0.030599
23.610000	0.000566	-0.030642
23.620000	0.000704	-0.030253
23.630000	0.000777	-0.030499
23.640000	0.000829	-0.030084
23.650000	0.000714	-0.030219
23.660000	0.000911	-0.030242
23.670000	0.000789	-0.030228
23.680000	0.000959	-0.030232
23.690000	0.001118	-0.030813
23.700000	0.000933	-0.030210
23.710000	0.000973	-0.030265
23.720000	0.000999	-0.030630
23.730000	0.000934	-0.030559
23.740000	0.000674	-0.030468
23.750000	0.000733	-0.030526
23.760000	0.000700	-0.030536
23.770000	0.000550	-0.030696
23.780000	0.000505	-0.030614
23.790000	0.000419	-0.030182
23.800000	0.000479	-0.030547
23.810000	0.000567	-0.030275
23.820000	0.000367	-0.030258
23.830000	0.000623	-0.030073
23.840000	0.000684	-0.030297
23.850000	0.000627	-0.030127
23.860000	0.000248	-0.029730
23.870000	0.000660	-0.030073
23.880000	0.000726	-0.030199
23.890000	0.000685	-0.029534
23.900000	0.000697	-0.029556
23.910000	0.000615	-0.029345
23.920000	0.001060	-0.029273
23.930000	0.001023	-0.028956
23.940000	0.000837	-0.028660
23.950000	0.001032	-0.028419
23.960000	0.001051	-0.028255
23.970000	0.001132	-0.027691
23.980000	0.000950	-0.027142
23.990000	0.001344	-0.027177
24.000000	0.001276	-0.027344
24.010000	0.001249	-0.026764
24.020000	0.001153	-0.026580
24.030000	0.000956	-0.026422
24.040000	0.001008	-0.026279
24.050000	0.001027	-0.026190
24.060000	0.001114	-0.026704
24.070000	0.000919	-0.026419
24.080000	0.000995	-0.026251
24.090000	0.001132	-0.026627
24.100000	0.001110	-0.026915
24.110000	0.000606	-0.027067
24.120000	0.000763	-0.027307
24.130000	0.000524	-0.027417
24.140000	0.000121	-0.027516
24.150000	0.000033	-0.028301
24.160000	-0.000107	-0.028337
24.170000	-0.000221	-0.029077
24.180000	-0.000348	-0.028949
24.190000	-0.000221	-0.029607
24.200000	-0.000626	-0.030011
24.210000	-0.000682	-0.030135
24.220000	-0.000669	-0.030750
24.230000	-0.001027	-0.030875
24.240000	-0.000636	-0.031270
24.250000	-0.000773	-0.031463
24.260000	-0.000275	-0.031881
24.270000	-0.000435	-0.032424
24.280000	-0.000216	-0.032418
24.290000	-0.000286	-0.032305
24.300000	-0.000398	-0.032666
24.310000	0.000029	-0.032764
24.320000	-0.000019	-0.032545
24.330000	-0.000044	-0.032732
24.340000	0.000261	-0.033050
24.350000	0.000120	-0.032813
24.360000	0.000352	-0.033385
24.370000	0.000145	-0.033461
24.380000	0.000559	-0.033371
24.390000	0.000666	-0.033833
24.400000	0.000523	-0.033886
24.410000	0.000614	-0.033967
24.420000	0.001125	-0.034067
24.430000	0.001312	-0.034474
24.440000	0.001253	-0.034693
24.450000	0.001534	-0.035534
24.460000	0.001926	-0.035325
24.470000	0.002021	-0.035626
24.480000	0.001793	-0.035647
24.490000	0.002094	-0.036084
24.500000	0.002161	-0.035882
24.510000	0.002151	-0.035217
24.520000	0.002312	-0.035884
24.530000	0.002206	-0.035454
24.540000	0.002282	-0.035417
24.550000	0.002148	-0.035773
24.560000	0.002231	-0.035416
24.570000	0.002392	-0.035672
24.580000	0.002223	-0.035729
24.590000	0.002538	-0.036191
24.600000	0.002374	-0.035638
24.610000	0.002239	-0.035821
24.620000	0.002088	-0.036106
24.630000	0.002498	-0.036121
24.640000	0.002216	-0.036761
24.650000	0.002395	-0.036687
24.660000	0.002551	-0.036629
24.670000	0.002633	-0.037307
24.680000	0.002563	-0.037187
24.690000	0.002541	-0.037460
24.700000	0.002864	-0.037868
24.710000	0.002932	-0.037774
24.720000	0.003057	-0.037431
24.730000	0.002997	-0.037590
24.740000	0.003437	-0.037489
24.750000	0.003448	-0.037480
24.760000	0.003588	-0.037817
24.770000	0.003842	-0.037602
24.780000	0.004059	-0.037059
24.790000	0.004131	-0.037503
24.800000	0.003975	-0.037250
24.810000	0.004474	-0.037617
24.820000	0.004431	-0.036953
24.830000	0.004320	-0.037014
24.840000	0.004519	-0.036844
24.850000	0.004592	-0.036674
24.860000	0.004727	-0.036581
24.870000	0.004816	-0.036362
24.880000	0.004923	-0.036282
24.890000	0.005271	-0.036525
24.900000	0.005582	-0.036638
24.910000	0.005360	-0.035736
24.920000	0.005396	-0.036055
24.930000	0.005592	-0.036362
24.940000	0.005200	-0.036090
24.950000	0.005603	-0.036362
24.960000	0.005858	-0.036043
24.970000	0.005411	-0.035984
24.980000	0.005699	-0.036423
24.990000	0.005569	-0.035901
25.000000	0.005327	-0.035890
25.010000	0.005299	-0.035859
25.020000	0.005756	-0.035930
25.030000	0.005489	-0.035596
25.040000	0.005704	-0.035637
25.050000	0.005333	-0.035400
25.060000	0.005645	-0.035351
25.070000	0.005334	-0.035792
25.080000	0.005197	-0.035243
25.090000	0.005342	-0.035526
25.100000	0.005122	-0.035283
25.110000	0.005151	-0.035187
25.120000	0.005486	-0.035295
25.130000	0.005385	-0.034865
25.140000	0.005210	-0.035286
25.150000	0.005179	-0.035204
25.160000	0.005379	-0.035112
25.170000	0.005417	-0.035527
25.180000	0.005311	-0.035431
25.190000	0.005243	-0.034639
25.200000	0.005535	-0.035972
25.210000	0.005567	-0.035492
25.220000	0.005353	-0.035598
25.230000	0.005428	-0.035527
25.240000	0.005349	-0.035404
25.250000	0.005416	-0.035510
25.260000	0.005504	-0.035568
25.270000	0.005421	-0.035446
25.280000	0.005374	-0.035394
25.290000	0.005298	-0.035692
25.300000	0.005437	-0.036458
25.310000	0.005240	-0.036129
25.320000	0.005226	-0.035787
25.330000	0.005110	-0.036263
25.340000	0.005028	-0.035819
25.350000	0.004928	-0.035762
25.360000	0.004833	-0.036160
25.370000	0.004787	-0.036388
25.380000	0.004676	-0.036332
25.390000	0.004974	-0.036083
25.400000	0.004742	-0.035891
25.410000	0.004980	-0.036089
25.420000	0.004705	-0.036556
25.430000	0.004592	-0.036354
25.440000	0.004474	-0.036498
25.450000	0.004479	-0.036221
25.460000	0.004659	-0.036273
25.470000	0.004580	-0.036117
25.480000	0.004198	-0.036137
25.490000	0.004062	-0.036069
25.500000	0.004149	-0.035975
25.510000	0.004312	-0.036220
25.520000	0.003892	-0.035845
25.530000	0.004238	-0.036401
25.540000	0.004032	-0.036063
25.550000	0.003804	-0.035805
25.560000	0.003705	-0.035511
25.570000	0.003724	-0.035935
25.580000	0.003582	-0.035659
25.590000	0.003458	-0.035773
25.600000	0.003456	-0.035737
25.610000	0.003593	-0.035397
25.620000	0.003032	-0.035650
25.630000	0.003206	-0.035634
25.640000	0.003398	-0.035227
25.650000	0.003330	-0.035439
25.660000	0.003118	-0.035221
25.670000	0.003433	-0.035332
25.680000	0.003277	-0.035141
25.690000	0.003031	-0.035102
25.700000	0.003023	-0.035037
25.710000	0.003061	-0.035065
25.720000	0.002769	-0.035247
25.730000	0.003099	-0.034864
25.740000	0.002939	-0.035399
25.750000	0.002910	-0.035095
25.760000	0.002808	-0.035074
25.770000	0.002445	-0.035205
25.780000	0.002958	-0.035339
25.790000	0.002523	-0.035230
25.800000	0.002634	-0.035685
25.810000	0.002697	-0.035464
25.820000	0.002581	-0.035735
25.830000	0.002433	-0.035302
25.840000	0.002377	-0.035391
25.850000	0.002301	-0.036004
25.860000	0.002553	-0.035218
25.870000	0.002553	-0.035501
25.880000	0.002872	-0.035764
25.890000	0.002751	-0.035954
25.900000	0.002596	-0.035668
25.910000	0.002616	-0.035926
25.920000	0.002644	-0.036067
25.930000	0.002626	-0.035712
25.940000	0.002448	-0.035613
25.950000	0.002451	-0.035357
25.960000	0.002634	-0.035674
25.970000	0.002340	-0.035617
25.980000	0.002658	-0.035533
25.990000	0.002535	-0.036174
26.000000	0.002468	-0.035547
26.010000	0.002455	-0.035898
26.020000	0.002592	-0.035724
26.030000	0.002229	-0.035686
26.040000	0.002584	-0.035197
26.050000	0.002170	-0.034858
26.060000	0.002385	-0.035386
26.070000	0.002360	-0.035468
26.080000	0.002141	-0.034907
26.090000	0.002076	-0.034837
26.100000	0.002035	-0.034654
26.110000	0.002483	-0.034605
26.120000	0.002229	-0.034594
26.130000	0.001982	-0.034435
26.140000	0.001938	-0.034582
26.150000	0.001792	-0.034888
26.160000	0.001924	-0.034831
26.170000	0.001405	-0.034383
26.180000	0.001577	-0.034425
26.190000	0.001696	-0.034339
26.200000	0.001494	-0.034513
26.210000	0.001477	-0.034932
26.220000	0.001629	-0.034814
26.230000	0.001896	-0.034640
26.240000	0.001586	-0.034851
26.250000	0.001846	-0.034765
26.260000	0.001523	-0.034927
26.270000	0.001657	-0.035100
26.280000	0.001542	-0.034976
26.290000	0.001924	-0.034863
26.300000	0.001713	-0.035208
26.310000	0.001312	-0.035578
26.320000	0.001699	-0.035182
26.330000	0.001477	-0.035428
26.340000	0.001313	-0.035557
26.350000	0.001953	-0.035303
26.360000	0.001643	-0.035625
26.370000	0.001890	-0.035669
26.380000	0.001603	-0.035804
26.390000	0.001385	-0.035804
26.400000	0.001614	-0.036078
26.410000	0.001469	-0.036295
26.420000	0.001501	-0.036217
26.430000	0.001633	-0.036732
26.440000	0.001728	-0.036463
26.450000	0.001506	-0.036822
26.460000	0.001787	-0.037353
26.470000	0.001759	-0.037075
26.480000	0.001770	-0.037271
26.490000	0.001432	-0.037681
26.500000	0.001353	-0.037477
26.510000	0.001019	-0.037640
26.520000	0.001413	-0.037814
26.530000	0.001131	-0.037733
26.540000	0.001146	-0.037506
26.550000	0.001164	-0.037140
26.560000	0.001285	-0.037362
26.570000	0.001324	-0.037487
26.580000	0.001326	-0.037240
26.590000	0.001211	-0.037052
26.600000	0.001229	-0.036414
26.610000	0.001063	-0.036471
26.620000	0.001300	-0.036323
26.630000	0.001166	-0.036332
26.640000	0.001296	-0.036266
26.650000	0.001237	-0.036571
26.660000	0.001231	-0.036485
26.670000	0.001336	-0.036373
26.680000	0.001166	-0.036087
26.690000	0.001218	-0.036446
26.700000	0.001033	-0.036648
26.710000	0.001205	-0.036406
26.720000	0.001260	-0.036825
26.730000	0.001433	-0.036602
26.740000	0.001349	-0.036624
26.750000	0.000902	-0.036416
26.760000	0.001332	-0.036569
26.770000	0.001474	-0.036197
26.780000	0.001323	-0.036379
26.790000	0.001666	-0.036635
26.800000	0.001282	-0.035997
26.810000	0.001689	-0.036458
26.820000	0.001770	-0.036471
26.830000	0.001755	-0.036443
26.840000	0.001871	-0.035872
26.850000	0.001829	-0.035756
26.860000	0.001822	-0.036099
26.870000	0.001882	-0.035972
26.880000	0.001962	-0.036258
26.890000	0.002076	-0.036402
26.900000	0.001738	-0.036336
26.910000	0.001949	-0.036218
26.920000	0.002087	-0.036381
26.930000	0.002030	-0.036625
26.940000	0.001988	-0.036571
26.950000	0.002465	-0.036992
26.960000	0.002196	-0.036846
26.970000	0.002333	-0.037346
26.980000	0.002421	-0.037551
26.990000	0.002147	-0.037053
27.000000	0.002350	-0.037291
27.010000	0.002276	-0.037492
27.020000	0.002424	-0.037561
27.030000	0.002318	-0.037971
27.040000	0.002341	-0.037982
27.050000	0.002405	-0.037645
27.060000	0.002379	-0.037340
27.070000	0.002352	-0.038004
27.080000	0.002507	-0.037493
27.090000	0.002268	-0.037544
27.100000	0.002299	-0.037230
27.110000	0.002155	-0.037282
27.120000	0.002431	-0.037719
27.130000	0.002194	-0.037331
27.140000	0.002339	-0.037270
27.150000	0.002175	-0.037521
27.160000	0.002371	-0.037380
27.170000	0.002114	-0.037625
27.180000	0.002103	-0.037339
27.190000	0.002092	-0.037339
27.200000	0.002424	-0.037036
27.210000	0.002453	-0.037665
27.220000	0.002329	-0.037363
27.230000	0.002248	-0.037410
27.240000	0.002299	-0.037459
27.250000	0.002521	-0.037172
27.260000	0.002381	-0.037051
27.270000	0.002379	-0.037032
27.280000	0.002218	-0.036770
27.290000	0.002654	-0.037253
27.300000	0.002208	-0.036777
27.310000	0.002212	-0.036290
27.320000	0.002361	-0.036583
27.330000	0.001965	-0.035969
27.340000	0.002378	-0.036206
27.350000	0.002321	-0.035952
27.360000	0.002299	-0.035704
27.370000	0.002075	-0.035518
27.380000	0.002129	-0.035998
27.390000	0.002112	-0.035645
27.400000	0.002061	-0.035479
27.410000	0.002229	-0.035807
27.420000	0.002094	-0.035314
27.430000	0.002112	-0.035370
27.440000	0.001848	-0.035554
27.450000	0.001986	-0.035148
27.460000	0.001981	-0.034937
27.470000	0.001879	-0.034820
27.480000	0.001659	-0.034566
27.490000	0.001918	-0.034610
27.500000	0.001779	-0.034744
27.510000	0.001988	-0.034445
27.520000	0.002114	-0.034283
27.530000	0.001878	-0.034522
27.540000	0.001581	-0.034435
27.550000	0.001999	-0.034434
27.560000	0.001687	-0.034174
27.570000	0.001620	-0.034042
27.580000	0.001703	-0.034353
27.590000	0.001898	-0.034335
27.600000	0.001512	-0.033734
27.610000	0.001428	-0.034258
27.620000	0.001593	-0.033836
27.630000	0.001620	-0.034185
27.640000	0.001656	-0.033915
27.650000	0.001486	-0.033946
27.660000	0.001720	-0.033723
27.670000	0.001945	-0.033660
27.680000	0.001695	-0.034241
27.690000	0.001482	-0.033882
27.700000	0.001631	-0.033613
27.710000	0.001516	-0.033235
27.720000	0.001256	-0.033113
27.730000	0.001479	-0.033477
27.740000	0.001348	-0.033299
27.750000	0.001579	-0.032441
27.760000	0.001821	-0.032443
27.770000	0.001153	-0.032511
27.780000	0.001274	-0.032445
27.790000	0.001270	-0.032396
27.800000	0.001395	-0.031960
27.810000	0.001357	-0.031901
27.820000	0.001052	-0.032157
27.830000	0.001207	-0.031464
27.840000	0.000944	-0.031939
27.850000	0.000852	-0.031725
27.860000	0.001000	-0.031476
27.870000	0.000842	-0.031473
27.880000	0.000585	-0.031099
27.890000	0.000533	-0.031406
27.900000	0.000767	-0.031176
27.910000	0.000780	-0.031224
27.920000	0.000779	-0.031212
27.930000	0.000347	-0.031188
27.940000	0.000570	-0.030660
27.950000	0.000448	-0.030993
27.960000	0.000661	-0.030753
27.970000	0.000404	-0.030674
27.980000	0.000521	-0.030570
27.990000	0.000430	-0.030444
